2 1
7 1.69231
12 1.73134
17 2.04819
22 2.05556
27 2.08029
32 2.44444
37 2.10695
42 2.07306
47 2.20747
52 2.08059
57 2.08581
62 2.1189
67 2.09804
72 1.97561
77 2.09135
82 2.07175
87 2.13502
92 2.07921
97 2.01252
102 2.11723
107 2.09694
112 2.94847
117 2.06808
122 1.65541
127 1.99058
132 2.13938
137 2.27474
142 2.12312
147 2.13012
152 2.04195
157 2.04486
162 2.10787
167 2.02141
172 2.20258
177 2.12118
182 2.04944
187 2.17456
192 2.00432
197 2.12787
202 2.05961
207 2.11381
212 2.10949
217 2.20998
222 2.07897
227 2.17807
232 2.10759
237 2.05791
242 2.12482
247 2.08904
252 2.03779
257 2.1692
262 2.09379
267 2.05025
272 2.07551
277 2.33112
282 2.08629
287 2.04931
292 2.07631
297 2.07611
302 2.1108
307 2.07235
312 2.0739
317 2.07841
322 2.11348
327 2.05289
332 2.07837
337 2.11701
342 2.06951
347 2.10742
352 2.02514
357 2.09725
362 2.07783
367 2.08154
372 2.08237
377 2.05329
382 2.06849
387 2.09508
392 2.15504
397 2.6924
402 2.08741
407 2.06733
412 2.07519
417 2.07162
422 2.05973
427 2.07366
432 2.1016
437 2.0867
442 2.06681
447 2.07919
452 2.0712
457 2.06895
462 2.05962
467 2.06017
472 2.09286
477 2.04786
482 2.08387
487 1.96461
492 2.14984
497 2.06712
502 2.0717
507 2.05333
512 2.06858
517 2.06783
522 2.0779
527 2.0817
532 2.07539
537 2.07205
542 2.56903
547 2.07189
552 2.06911
557 2.06804
562 2.07536
567 2.06669
572 2.13744
577 2.06741
582 2.06072
587 2.06169
592 2.0731
597 2.07277
602 2.0657
607 2.07611
612 2.07128
617 2.05248
622 2.06352
627 2.07614
632 2.08009
637 2.06351
642 2.07274
647 2.06009
652 2.10537
657 2.08327
662 2.06332
667 2.06434
672 2.11053
677 2.09193
682 2.05827
687 2.073
692 2.06753
697 2.05897
702 2.07626
707 1.4042
712 1.8627
717 2.04711
722 2.051
727 2.0562
732 2.06319
737 2.06165
742 2.0496
747 2.06433
752 2.06854
757 2.0695
762 2.07498
767 2.05621
772 2.06821
777 2.06575
782 2.05167
787 2.09605
792 2.07177
797 2.06405
802 2.06166
807 2.12909
812 2.08053
817 2.05399
822 2.08164
827 2.0728
832 2.07123
837 2.06718
842 2.05895
847 2.07266
852 2.07729
857 2.07112
862 2.07184
867 2.07559
872 2.16523
877 2.16056
882 2.06695
887 2.05636
892 2.08396
897 2.07928
902 2.09663
907 2.0804
912 1.68563
917 2.09842
922 2.06331
927 2.07468
932 2.07768
937 2.07038
942 2.12406
947 2.07462
952 2.07661
957 2.06621
962 2.06647
967 2.07762
972 1.88719
977 2.785
982 1.92993
987 2.07356
992 2.05874
997 2.10395
1002 2.09933
1007 2.05173
1012 2.07137
1017 2.06918
1022 2.0635
1027 2.49175
1032 2.09111
1037 2.06565
1042 2.07172
1047 2.05959
1052 2.06431
1057 2.61559
1062 1.74141
1067 2.0775
1072 2.88933
1077 2.58091
1082 2.50737
1087 2.52409
1092 2.1603
1097 2.23925
1102 2.33901
1107 2.05738
1112 2.05283
1117 2.06945
1122 1.93431
1127 2.07249
1132 2.07624
1137 1.97514
1142 2.14121
1147 2.06496
1152 2.06344
1157 2.06852
1162 2.10348
1167 1.94403
1172 2.06982
1177 2.03543
1182 2.07353
1187 1.99151
1192 2.03388
1197 2.06388
1202 2.0542
1207 2.05033
1212 2.10511
1217 2.10063
1222 2.09407
1227 2.10599
1232 2.36968
1237 2.11467
1242 2.11334
1247 1.99292
1252 2.06665
1257 1.39885
1262 2.08671
1267 2.06846
1272 2.09428
1277 2.18262
1282 2.04045
1287 2.12699
1292 2.06499
1297 2.03394
1302 2.09691
1307 2.07628
1312 2.05936
1317 4.24971
1322 1.19429
1327 2.0815
1332 2.02469
1337 2.59909
1342 2.13674
1347 2.06535
1352 2.07559
1357 2.10984
1362 2.08196
1367 2.104
1372 1.98427
1377 1.73136
1382 2.08885
1387 2.0486
1392 2.06731
1397 2.48339
1402 2.28888
1407 2.02801
1412 2.0686
1417 2.07974
1422 2.07006
1427 2.08566
1432 2.06511
1437 2.05538
1442 2.10158
1447 2.07798
1452 2.07223
1457 2.32171
1462 2.08675
1467 2.06883
1472 2.07508
1477 2.13836
1482 2.06376
1487 2.05728
1492 2.05187
1497 2.21878
1502 2.02247
1507 1.97321
1512 2.11999
1517 2.52952
1522 2.47133
1527 1.30961
1532 2.4734
1537 2.66837
1542 2.03141
1547 1.8724
1552 1.90177
1557 2.28114
1562 2.03525
1567 2.04886
1572 1.97106
1577 2.08333
1582 2.06831
1587 3.64016
1592 2.06616
1597 2.07173
1602 2.10748
1607 2.07162
1612 2.07174
1617 2.0526
1622 2.17922
1627 2.07535
1632 2.06499
1637 2.13371
1642 2.3398
1647 2.07069
1652 2.05907
1657 2.08629
1662 2.16489
1667 2.06476
1672 2.07222
1677 1.90148
1682 2.1596
1687 2.06137
1692 2.50889
1697 2.03158
1702 2.07254
1707 2.04191
1712 1.9807
1717 2.07267
1722 2.07029
1727 2.16608
1732 2.27621
1737 2.06138
1742 2.05818
1747 2.82926
1752 2.07027
1757 2.08181
1762 2.06999
1767 2.06639
1772 2.05645
1777 2.02754
1782 2.07738
1787 2.06918
1792 2.54222
1797 1.21716
1802 2.04215
1807 2.53097
1812 2.05425
1817 2.04371
1822 2.34816
1827 2.05154
1832 2.08146
1837 2.06842
1842 1.7052
1847 2.06105
1852 2.05169
1857 1.96149
1862 2.06847
1867 2.06619
1872 2.19022
1877 2.07055
1882 2.07593
1887 2.09043
1892 1.95529
1897 2.06082
1902 2.06373
1907 2.07889
1912 2.06229
1917 2.03405
1922 2.31707
1927 2.07871
1932 2.06118
1937 2.27006
1942 2.06391
1947 2.05081
1952 2.13993
1957 1.10531
1962 2.06025
1967 2.13868
1972 2.07218
1977 2.05964
1982 2.29114
1987 2.10798
1992 2.08964
1997 2.51362
2002 2.31636
2007 2.06345
2012 3.70389
2017 2.04837
2022 2.06377
2027 2.06648
2032 2.07147
2037 2.11136
2042 2.05441
2047 2.07437
2052 2.10289
2057 2.06483
2062 2.06523
2067 2.0951
2072 2.05995
2077 2.05873
2082 2.06143
2087 2.06511
2092 2.05729
2097 3.4781
2102 2.04077
2107 2.0689
2112 2.60165
2117 2.07427
2122 2.00128
2127 2.06182
2132 2.06831
2137 2.05737
2142 2.06759
2147 2.12068
2152 2.06695
2157 2.05708
2162 2.1297
2167 2.06811
2172 2.06492
2177 2.14963
2182 2.07253
2187 2.06118
2192 2.07814
2197 2.03758
2202 2.07033
2207 2.05576
2212 2.061
2217 1.41123
2222 2.17089
2227 2.19133
2232 2.07227
2237 2.06004
2242 2.15125
2247 2.06293
2252 2.08031
2257 3.71531
2262 2.06011
2267 2.80829
2272 2.06106
2277 2.04956
2282 2.04099
2287 2.06332
2292 2.53347
2297 2.06782
2302 2.06364
2307 2.04076
2312 2.08182
2317 2.0589
2322 1.7648
2327 2.06407
2332 2.65771
2337 1.72041
2342 2.22725
2347 2.06082
2352 2.4403
2357 2.07224
2362 2.06684
2367 2.03976
2372 2.07891
2377 2.12913
2382 2.06792
2387 2.06345
2392 3.436
2397 2.06979
2402 2.11446
2407 2.0583
2412 2.06207
2417 1.95912
2422 2.06237
2427 2.10012
2432 2.06622
2437 2.06231
2442 2.36165
2447 2.05206
2452 2.30569
2457 1.99972
2462 2.05094
2467 3.35201
2472 2.05846
2477 2.12718
2482 2.06451
2487 2.06977
2492 2.00284
2497 2.06914
2502 2.3316
2507 1.94026
2512 2.13066
2517 2.0476
2522 2.06936
2527 1.44627
2532 2.0663
2537 2.19193
2542 2.03573
2547 1.98138
2552 2.08512
2557 2.05483
2562 1.886
2567 2.07617
2572 2.2054
2577 2.06704
2582 2.08675
2587 1.57076
2592 2.08891
2597 2.95755
2602 2.00752
2607 2.94829
2612 2.06513
2617 2.28151
2622 2.06791
2627 2.12654
2632 2.0803
2637 2.06786
2642 1.95688
2647 2.0613
2652 2.13313
2657 1.98338
2662 2.10404
2667 2.07291
2672 2.0602
2677 2.07036
2682 2.06935
2687 1.94912
2692 2.05341
2697 1.5164
2702 2.07701
2707 2.02497
2712 2.00952
2717 2.41831
2722 1.79798
2727 2.0814
2732 2.05706
2737 2.34691
2742 2.05845
2747 2.17819
2752 2.06641
2757 2.06299
2762 2.03365
2767 2.05855
2772 1.83759
2777 2.05473
2782 2.93017
2787 2.05123
2792 2.11529
2797 2.06132
2802 1.91999
2807 2.06089
2812 2.11074
2817 2.06325
2822 2.10894
2827 2.07572
2832 2.21171
2837 2.64929
2842 2.13857
2847 1.927
2852 2.08237
2857 2.05213
2862 2.22546
2867 1.96307
2872 2.06739
2877 2.05653
2882 2.0615
2887 2.09154
2892 2.05725
2897 2.07347
2902 2.00385
2907 2.08835
2912 2.05597
2917 2.05763
2922 1.84502
2927 2.06015
2932 1.99457
2937 2.06296
2942 2.04142
2947 2.0685
2952 2.09449
2957 2.06538
2962 2.06895
2967 2.07208
2972 2.06084
2977 1.9803
2982 2.05882
2987 1.93166
2992 2.0637
2997 2.0897
3002 2.05857
3007 2.08052
3012 2.05983
3017 2.06127
3022 2.05599
3027 2.06355
3032 2.05811
3037 2.06897
3042 2.06054
3047 2.05261
3052 2.01736
3057 2.06008
3062 2.59516
3067 1.9585
3072 1.89942
3077 2.04837
3082 2.06486
3087 2.03798
3092 2.2059
3097 2.06455
3102 2.09934
3107 2.04287
3112 2.09295
3117 2.06334
3122 2.19198
3127 2.04437
3132 2.10699
3137 2.06183
3142 2.08508
3147 2.05522
3152 2.32628
3157 2.06407
3162 2.09521
3167 2.03712
3172 2.07071
3177 2.05607
3182 2.21255
3187 2.04403
3192 2.15609
3197 2.05642
3202 2.37855
3207 2.05388
3212 2.45137
3217 2.0556
3222 2.09601
3227 2.05593
3232 2.10281
3237 2.05446
3242 2.09408
3247 2.05936
3252 2.15813
3257 2.05877
3262 2.1019
3267 2.0582
3272 2.09496
3277 2.07644
3282 2.09736
3287 2.08109
3292 2.101
3297 2.05558
3302 2.12949
3307 2.05941
3312 2.10488
3317 2.05893
3322 2.10435
3327 2.05486
3332 2.10065
3337 2.06117
3342 2.13693
3347 2.0558
3352 2.1221
3357 2.0622
3362 2.29926
3367 2.0666
3372 2.11172
3377 2.06739
3382 2.10231
3387 2.06704
3392 2.00964
3397 1.96145
3402 1.98437
3407 2.06682
3412 1.97287
3417 2.04066
3422 1.99661
3427 2.06064
3432 2.06551
3437 2.11855
3442 2.07665
3447 2.10328
3452 2.05821
3457 2.14227
3462 2.06361
3467 2.11873
3472 2.04481
3477 1.96013
3482 2.06095
3487 2.03152
3492 2.09098
3497 2.06668
3502 2.08309
3507 2.06977
3512 2.09603
3517 2.06363
3522 2.08184
3527 2.05659
3532 2.10315
3537 2.05866
3542 1.97337
3547 2.0742
3552 1.49562
3557 1.98009
3562 2.03659
3567 2.08969
3572 2.05897
3577 2.12557
3582 2.05411
3587 2.01481
3592 2.06405
3597 1.99738
3602 2.05401
3607 2.05115
3612 2.58645
3617 2.05821
3622 2.09734
3627 2.05242
3632 2.01095
3637 2.05877
3642 2.05646
3647 2.1066
3652 2.06592
3657 2.07984
3662 2.0634
3667 2.1515
3672 2.06247
3677 1.92933
3682 2.1385
3687 2.27078
3692 2.18046
3697 2.06655
3702 2.02271
3707 2.06057
3712 2.05036
3717 2.10384
3722 2.05674
3727 2.10093
3732 2.0598
3737 2.0276
3742 2.06025
3747 1.97309
3752 2.09236
3757 2.06931
3762 2.08691
3767 2.05307
3772 2.04574
3777 2.06316
3782 2.06389
3787 2.13731
3792 2.05906
3797 2.13461
3802 2.06301
3807 1.99193
3812 2.09477
3817 2.06151
3822 2.13162
3827 2.05913
3832 2.03872
3837 2.07354
3842 2.05621
3847 2.08771
3852 2.04383
3857 1.99729
3862 2.05512
3867 2.00449
3872 2.09721
3877 2.06531
3882 2.08348
3887 2.07626
3892 1.99533
3897 2.1113
3902 2.05044
3907 2.12417
3912 2.05862
3917 2.00537
3922 2.05966
3927 1.73295
3932 2.08675
3937 2.06183
3942 2.13859
3947 2.06522
3952 2.04412
3957 2.0952
3962 2.05926
3967 2.10291
3972 2.05657
3977 1.86097
3982 2.07697
3987 2.0603
3992 2.09219
3997 2.07018
4002 1.98866
4007 2.06542
4012 2.0638
4017 2.35493
4022 2.06518
4027 2.06501
4032 2.1111
4037 2.06573
4042 1.99348
4047 2.11548
4052 2.06881
4057 2.13754
4062 2.05029
4067 1.99893
4072 2.07379
4077 2.05577
4082 2.12256
4087 2.06037
4092 2.06287
4097 2.08654
4102 2.04914
4107 2.03012
4112 2.12578
4117 2.0639
4122 2.08294
4127 2.06306
4132 2.07457
4137 2.10541
4142 2.05884
4147 1.34606
4152 2.09269
4157 2.06181
4162 1.7743
4167 2.09496
4172 2.04649
4177 2.09455
4182 2.07522
4187 2.04301
4192 2.08839
4197 2.05883
4202 1.42255
4207 2.0931
4212 2.06282
4217 2.96793
4222 2.02713
4227 2.06073
4232 2.06285
4237 2.24231
4242 2.06592
4247 1.70483
4252 2.16498
4257 2.06054
4262 1.99813
4267 2.09136
4272 2.061
4277 1.99925
4282 2.09764
4287 2.05533
4292 2.01999
4297 2.12018
4302 2.0562
4307 2.09819
4312 2.06208
4317 2.05318
4322 2.0766
4327 2.07053
4332 2.0579
4337 2.22506
4342 2.09171
4347 2.05912
4352 2.08585
4357 2.10406
4362 1.96763
4367 2.01491
4372 2.09579
4377 2.0403
4382 2.07169
4387 2.06854
4392 2.04942
4397 2.08844
4402 2.10509
4407 2.04624
4412 2.0943
4417 2.07858
4422 2.06145
4427 2.03374
4432 2.0905
4437 2.05921
4442 2.08563
4447 2.0734
4452 2.06055
4457 2.06751
4462 2.16127
4467 2.05569
4472 2.03605
4477 2.11212
4482 2.05526
4487 2.02993
4492 2.0698
4497 2.05454
4502 2.04825
4507 2.06832
4512 2.05463
4517 2.25268
4522 2.08435
4527 2.05187
4532 2.05462
4537 1.97786
4542 2.08524
4547 2.05076
4552 2.03748
4557 2.06951
4562 2.04803
4567 1.98841
4572 2.08058
4577 2.05112
4582 2.00487
4587 2.0988
4592 2.06078
4597 1.96411
4602 2.10607
4607 2.05906
4612 2.00191
4617 2.13799
4622 2.05574
4627 2.05978
4632 2.00736
4637 2.0745
4642 2.0627
4647 1.97968
4652 2.07027
4657 2.06825
4662 2.00841
4667 2.60716
4672 2.06637
4677 2.05423
4682 2.02886
4687 2.06823
4692 2.05665
4697 1.82762
4702 2.0498
4707 2.07823
4712 2.0627
4717 1.97323
4722 2.22914
4727 2.0513
4732 2.04811
4737 2.04417
4742 2.2306
4747 2.07307
4752 2.05211
4757 2.03125
4762 2.68615
4767 2.07467
4772 2.05922
4777 2.01918
4782 2.09786
4787 2.05841
4792 1.8036
4797 2.07191
4802 2.0815
4807 2.05717
4812 1.96004
4817 2.07516
4822 2.07229
4827 2.0752
4832 2.04195
4837 2.07364
4842 2.0547
4847 1.92688
4852 2.06316
4857 2.00026
4862 2.13519
4867 2.08767
4872 2.06563
4877 2.00287
4882 2.08979
4887 2.05779
4892 2.0576
4897 2.03642
4902 2.11557
4907 2.0559
4912 2.03788
4917 2.08842
4922 2.06988
4927 2.06303
4932 2.00571
4937 2.07487
4942 2.08493
4947 2.06215
4952 1.9123
4957 2.07572
4962 2.07522
4967 2.06002
4972 2.0087
4977 2.10103
4982 2.07343
4987 2.05125
4992 2.01004
4997 2.13753
5002 2.06939
5007 2.05988
5012 2.03203
5017 2.06522
5022 2.06661
5027 2.04796
5032 2.03434
5037 2.12265
5042 2.1524
5047 2.04495
5052 2.04879
5057 2.01295
5062 2.08553
5067 2.1052
5072 2.0659
5077 2.04873
5082 2.01501
5087 2.60714
5092 2.09681
5097 2.09213
5102 2.0486
5107 2.06585
5112 1.99164
5117 2.71685
5122 1.9745
5127 2.09934
5132 2.05433
5137 2.05955
5142 2.06494
5147 1.92046
5152 2.09707
5157 2.0788
5162 2.09131
5167 2.04959
5172 1.98353
5177 2.00627
5182 2.09431
5187 2.05597
5192 2.04858
5197 2.05706
5202 2.00353
5207 2.07521
5212 2.12041
5217 2.12586
5222 2.04694
5227 2.05014
5232 2.01359
5237 2.07076
5242 2.06794
5247 2.08346
5252 2.05432
5257 1.97349
5262 1.97985
5267 2.09936
5272 2.1233
5277 2.06325
5282 2.06547
5287 2.03375
5292 1.98468
5297 2.25068
5302 2.13202
5307 2.08895
5312 2.05542
5317 1.96412
5322 1.93062
5327 2.16216
5332 2.11187
5337 2.18237
5342 2.05454
5347 2.06232
5352 2.04162
5357 2.00237
5362 2.08083
5367 2.08395
5372 2.06749
5377 2.05194
5382 2.05895
5387 2.02426
5392 2.0204
5397 2.10387
5402 2.0816
5407 2.06206
5412 2.04453
5417 1.97549
5422 1.96492
5427 2.09242
5432 2.0955
5437 2.063
5442 2.14679
5447 2.05574
5452 1.99162
5457 2.07511
5462 2.41032
5467 2.05535
5472 2.08469
5477 2.08821
5482 2.0552
5487 2.0514
5492 2.01837
5497 2.00164
5502 2.874
5507 1.92294
5512 2.06423
5517 2.06744
5522 2.20068
5527 2.08795
5532 2.05001
5537 2.05936
5542 1.90685
5547 2.01679
5552 2.10745
5557 2.08773
5562 2.07798
5567 2.06254
5572 2.06559
5577 1.99267
5582 1.93501
5587 2.09777
5592 2.06733
5597 2.08033
5602 2.0594
5607 2.06421
5612 2.06513
5617 2.01388
5622 1.94677
5627 2.00561
5632 2.05108
5637 2.09826
5642 2.0897
5647 2.14068
5652 2.06166
5657 2.05865
5662 2.05216
5667 2.02675
5672 2.02152
5677 2.04647
5682 2.05744
5687 2.13706
5692 2.07334
5697 2.14835
5702 2.05895
5707 2.02612
5712 2.00258
5717 2.03384
5722 2.07812
5727 2.07931
5732 2.09944
5737 2.4182
5742 2.11477
5747 2.06586
5752 2.04109
5757 2.01626
5762 2.01945
5767 1.79251
5772 2.03313
5777 2.10732
5782 2.07565
5787 2.07661
5792 2.11743
5797 2.12593
5802 2.06961
5807 2.0482
5812 2.05656
5817 1.91204
5822 2.02498
5827 2.05678
5832 2.06043
5837 2.06697
5842 2.06026
5847 2.0381
5852 2.31743
5857 2.08289
5862 1.79112
5867 2.04078
5872 2.05637
5877 2.0516
5882 1.87046
5887 2.00976
5892 2.00611
5897 2.10823
5902 2.08188
5907 2.06563
5912 2.06491
5917 2.07968
5922 2.05511
5927 2.09913
5932 2.0578
5937 2.0597
5942 2.07161
5947 2.05591
5952 2.01984
5957 1.80326
5962 1.94181
5967 2.01936
5972 2.00249
5977 2.0659
5982 2.08579
5987 2.06278
5992 2.07063
5997 2.06066
6002 2.10041
6007 2.07566
6012 2.04428
6017 2.06844
6022 2.04713
6027 2.06069
6032 2.04928
6037 2.06028
6042 1.90013
6047 2.05225
6052 2.04665
6057 2.05574
6062 2.0672
6067 2.05552
6072 2.05054
6077 2.04646
6082 2.03955
6087 2.05248
6092 2.00993
6097 2.03645
6102 1.99584
6107 2.07098
6112 2.52116
6117 2.09708
6122 2.07682
6127 2.07104
6132 2.07236
6137 2.05922
6142 2.07388
6147 2.11636
6152 2.08688
6157 2.05563
6162 2.03153
6167 1.96879
6172 1.93003
6177 2.04566
6182 2.09071
6187 2.09814
6192 2.06886
6197 2.06182
6202 2.06685
6207 1.73899
6212 2.06543
6217 2.0674
6222 2.10601
6227 2.04931
6232 2.05977
6237 2.01828
6242 1.97583
6247 2.01243
6252 1.96954
6257 2.01006
6262 1.97894
6267 2.02748
6272 2.02466
6277 2.02811
6282 2.01404
6287 2.03274
6292 2.03882
6297 2.02872
6302 2.07269
6307 2.1493
6312 2.06801
6317 2.0543
6322 2.27285
6327 2.07319
6332 2.15037
6337 2.07392
6342 2.07111
6347 2.06235
6352 2.05855
6357 2.06737
6362 2.05618
6367 2.10991
6372 2.08559
6377 2.07937
6382 2.13336
6387 2.06112
6392 2.06964
6397 2.0665
6402 2.11009
6407 2.0735
6412 2.07499
6417 2.06302
6422 2.065
6427 2.05136
6432 2.0764
6437 2.10061
6442 2.07021
6447 2.06213
6452 2.07088
6457 2.13521
6462 2.05079
6467 2.07474
6472 2.14081
6477 2.06783
6482 2.05487
6487 2.08346
6492 2.06964
6497 2.06691
6502 2.08627
6507 2.50531
6512 1.98646
6517 2.0395
6522 2.0038
6527 2.02609
6532 2.84372
6537 1.75189
6542 2.03421
6547 2.08384
6552 2.06725
6557 2.06502
6562 2.067
6567 2.07785
6572 2.09349
6577 2.06849
6582 2.07057
6587 2.06373
6592 2.08435
6597 2.0601
6602 2.0875
6607 2.10497
6612 2.07565
6617 2.06923
6622 2.06832
6627 2.07495
6632 2.07661
6637 2.06614
6642 2.42453
6647 2.06911
6652 2.06061
6657 2.08091
6662 2.06472
6667 2.09828
6672 2.04398
6677 1.97513
6682 2.01534
6687 2.03066
6692 1.99263
6697 2.03383
6702 2.02694
6707 2.01321
6712 2.05112
6717 2.05902
6722 2.07695
6727 2.07573
6732 2.06568
6737 2.12544
6742 2.21
6747 2.07668
6752 2.07213
6757 2.06156
6762 2.04863
6767 2.08419
6772 2.06996
6777 1.85371
6782 2.0248
6787 2.01087
6792 2.02007
6797 1.99101
6802 1.97459
6807 2.05003
6812 2.07986
6817 2.05096
6822 2.07847
6827 2.06153
6832 2.0719
6837 2.26795
6842 1.26136
6847 2.04032
6852 2.03071
6857 2.07014
6862 2.07839
6867 2.1353
6872 2.50816
6877 2.07572
6882 2.07391
6887 2.07812
6892 2.06577
6897 2.07338
6902 2.06884
6907 2.07941
6912 2.06849
6917 2.06219
6922 2.05743
6927 2.16187
6932 2.01461
6937 2.00816
6942 1.92197
6947 2.06425
6952 2.0587
6957 2.06901
6962 2.06547
6967 2.07889
6972 2.10005
6977 2.06501
6982 2.04735
6987 2.08745
6992 1.96446
6997 1.98654
7002 2.01306
7007 1.56423
7012 2.0819
7017 2.05039
7022 2.0813
7027 2.06494
7032 2.06087
7037 2.13191
7042 2.00951
7047 2.03483
7052 2.04511
7057 2.06963
7062 2.06493
7067 2.10508
7072 2.08151
7077 2.0563
7082 2.05759
7087 2.05352
7092 2.07432
7097 2.01675
7102 1.97509
7107 1.85086
7112 2.06741
7117 2.08189
7122 2.07577
7127 2.08974
7132 2.14231
7137 2.7663
7142 1.54536
7147 2.07313
7152 2.06309
7157 2.08505
7162 2.09114
7167 2.08442
7172 2.06483
7177 2.06699
7182 2.06288
7187 2.07461
7192 2.04121
7197 2.00634
7202 2.02541
7207 2.04458
7212 2.01206
7217 2.07745
7222 2.05257
7227 2.07682
7232 2.06395
7237 2.06258
7242 2.06749
7247 2.18909
7252 2.06175
7257 2.02297
7262 1.99171
7267 1.97977
7272 2.00958
7277 2.06954
7282 2.11872
7287 2.06897
7292 2.09336
7297 2.05982
7302 2.02051
7307 2.01755
7312 2.01551
7317 2.08209
7322 2.08756
7327 2.07257
7332 2.0741
7337 2.06091
7342 2.05244
7347 2.02875
7352 2.05265
7357 2.06881
7362 2.06754
7367 2.05606
7372 2.06867
7377 2.03291
7382 1.99535
7387 2.00255
7392 2.06495
7397 2.07208
7402 2.05119
7407 2.06074
7412 2.01823
7417 1.45988
7422 2.08648
7427 1.65423
7432 2.04869
7437 1.99338
7442 1.99924
7447 1.50705
7452 2.13075
7457 2.05052
7462 2.05893
7467 2.00376
7472 2.00857
7477 1.89676
7482 2.07566
7487 2.05476
7492 2.04635
7497 2.07421
7502 2.02373
7507 1.95134
7512 1.99448
7517 2.10759
7522 1.91627
7527 2.14048
7532 2.00739
7537 1.94982
7542 2.062
7547 2.06686
7552 2.06938
7557 2.05469
7562 2.01736
7567 1.95989
7572 1.95849
7577 2.06651
7582 2.06844
7587 2.05955
7592 2.00445
7597 1.93537
7602 2.06216
7607 2.05155
7612 2.05773
7617 2.07473
7622 1.85011
7627 1.99146
7632 2.07076
7637 2.05655
7642 2.06604
7647 2.07111
7652 2.03323
7657 1.99049
7662 2.05875
7667 2.06251
7672 2.06649
7677 2.00778
7682 1.93663
7687 2.0485
7692 2.07272
7697 2.04825
7702 2.49778
7707 1.7792
7712 2.15187
7717 2.10809
7722 2.06274
7727 2.01448
7732 2.04272
7737 2.05628
7742 2.07846
7747 1.99202
7752 2.01909
7757 2.06813
7762 2.07995
7767 2.06834
7772 2.03057
7777 2.06223
7782 2.0995
7787 2.06775
7792 2.06549
7797 1.9942
7802 1.98925
7807 2.06763
7812 2.05792
7817 2.05312
7822 1.96938
7827 2.08644
7832 2.07035
7837 2.06536
7842 2.02792
7847 2.01001
7852 2.0561
7857 2.07562
7862 2.07712
7867 1.99757
7872 2.06955
7877 2.06842
7882 2.05894
7887 1.7602
7892 2.05546
7897 2.05807
7902 2.06112
7907 2.02862
7912 2.04409
7917 2.05747
7922 2.06281
7927 2.05863
7932 2.00752
7937 2.02892
7942 2.10029
7947 2.06183
7952 2.02175
7957 2.02243
7962 2.06597
7967 2.32214
7972 1.69076
7977 1.98262
7982 2.09219
7987 2.07355
7992 2.0081
7997 2.0403
8002 2.06889
8007 2.05676
8012 2.02771
8017 2.00129
8022 2.07104
8027 2.10322
8032 2.05803
8037 2.00506
8042 0.806124
8047 2.06265
8052 2.09277
8057 2.07919
8062 2.0151
8067 2.0612
8072 2.06341
8077 2.07038
8082 1.97745
8087 2.04073
8092 2.07357
8097 2.03544
8102 2.00489
8107 2.08829
8112 2.04466
8117 2.02593
8122 2.00256
8127 2.05917
8132 2.06358
8137 1.95984
8142 2.03976
8147 2.0854
8152 2.05952
8157 2.08109
8162 2.05095
8167 2.04562
8172 2.06007
8177 2.03132
8182 2.03131
8187 2.06663
8192 2.0985
8197 2.02192
8202 2.02818
8207 2.09215
8212 2.06095
8217 2.00515
8222 1.53249
8227 2.03257
8232 2.01993
8237 2.0585
8242 2.06286
8247 1.65127
8252 2.06575
8257 2.06626
8262 1.96807
8267 2.07184
8272 2.39551
8277 2.01426
8282 2.06475
8287 2.06012
8292 2.04281
8297 1.94447
8302 2.08009
8307 2.0944
8312 2.03179
8317 2.07619
8322 2.08194
8327 1.98329
8332 2.04418
8337 2.06409
8342 2.06797
8347 2.00264
8352 2.08449
8357 2.0596
8362 2.03824
8367 2.06291
8372 2.0712
8377 2.01786
8382 1.99255
8387 2.06339
8392 2.22806
8397 1.86067
8402 2.26317
8407 1.39514
8412 2.05171
8417 2.0409
8422 2.02724
8427 2.05204
8432 2.08296
8437 2.01432
8442 2.05935
8447 2.06877
8452 2.0284
8457 2.06926
8462 2.07871
8467 2.40208
8472 2.06435
8477 2.0661
8482 2.02988
8487 2.05436
8492 2.08304
8497 2.01112
8502 2.06449
8507 2.02874
8512 1.98931
8517 2.08263
8522 2.03982
8527 1.94962
8532 2.06429
8537 2.07563
8542 2.03078
8547 2.60382
8552 2.01263
8557 1.91291
8562 2.06618
8567 1.99124
8572 2.04996
8577 2.06701
8582 2.02529
8587 2.04622
8592 2.06958
8597 2.0351
8602 2.00219
8607 2.0609
8612 2.05848
8617 1.5405
8622 2.06422
8627 2.02536
8632 2.05982
8637 2.06343
8642 1.65155
8647 2.0638
8652 2.05074
8657 2.05386
8662 2.06291
8667 2.37593
8672 2.02187
8677 2.05529
8682 2.05155
8687 2.08198
8692 2.15846
8697 1.9603
8702 2.09519
8707 3.20588
8712 2.06187
8717 2.02688
8722 1.98183
8727 2.05762
8732 2.03505
8737 2.01687
8742 2.07752
8747 1.9674
8752 2.03258
8757 2.07662
8762 1.96276
8767 2.0722
8772 2.06713
8777 2.0123
8782 2.05553
8787 2.04993
8792 2.02078
8797 2.05753
8802 2.0124
8807 2.04434
8812 2.06615
8817 2.01813
8822 2.05108
8827 2.09661
8832 2.00198
8837 2.06042
8842 2.06196
8847 1.55324
8852 2.07064
8857 1.98056
8862 2.04808
8867 2.05729
8872 2.02494
8877 2.09952
8882 2.06282
8887 2.01686
8892 2.06801
8897 2.06395
8902 2.02091
8907 2.05028
8912 2.03608
8917 2.04226
8922 2.36483
8927 2.02086
8932 2.06131
8937 2.03256
8942 2.23268
8947 1.90052
8952 2.0137
8957 2.28502
8962 2.01414
8967 2.07357
8972 2.06689
8977 1.97507
8982 2.06494
8987 2.03777
8992 2.07958
8997 1.61045
9002 2.07675
9007 2.07427
9012 2.01888
9017 2.05158
9022 2.02344
9027 2.08125
9032 2.06263
9037 2.05858
9042 2.08371
9047 2.02892
9052 2.03222
9057 2.08334
9062 2.04452
9067 2.06174
9072 2.06765
9077 2.04006
9082 2.05975
9087 2.03717
9092 2.06871
9097 2.0739
9102 2.02945
9107 2.06176
9112 2.04016
9117 2.06645
9122 2.03258
9127 2.04387
9132 2.06284
9137 2.02627
9142 2.08365
9147 2.05531
9152 2.05841
9157 2.05821
9162 2.03519
9167 2.06494
9172 2.6429
9177 2.05825
9182 2.0286
9187 2.10006
9192 2.0923
9197 2.01002
9202 2.05595
9207 2.02604
9212 2.06401
9217 2.06734
9222 1.95778
9227 2.05749
9232 2.00371
9237 2.07357
9242 2.03768
9247 2.02312
9252 2.05493
9257 2.03155
9262 2.06186
9267 2.02512
9272 2.06048
9277 2.06201
9282 1.91741
9287 2.06741
9292 2.03953
9297 2.06027
9302 2.04259
9307 2.05734
9312 2.03059
9317 2.03173
9322 2.06667
9327 2.05004
9332 2.066
9337 2.0232
9342 2.07066
9347 2.02084
9352 2.06789
9357 2.0419
9362 2.06721
9367 2.07337
9372 1.9738
9377 2.06787
9382 2.01895
9387 2.05981
9392 1.92808
9397 2.35551
9402 1.93149
9407 2.05273
9412 2.04043
9417 2.05793
9422 2.07035
9427 1.96359
9432 2.05567
9437 2.06707
9442 2.06292
9447 2.04621
9452 2.05892
9457 2.03602
9462 2.06283
9467 2.02302
9472 2.08265
9477 1.88947
9482 2.05455
9487 2.02172
9492 2.06148
9497 2.07218
9502 2.06437
9507 2.05681
9512 1.98834
9517 2.05153
9522 2.01892
9527 2.05118
9532 1.96132
9537 2.05994
9542 2.04917
9547 2.06235
9552 2.04945
9557 2.06756
9562 2.03256
9567 2.03919
9572 2.03162
9577 2.06212
9582 2.0311
9587 2.10342
9592 2.03673
9597 2.04896
9602 2.03036
9607 2.06135
9612 2.03254
9617 2.4493
9622 1.94859
9627 2.07634
9632 2.04769
9637 2.05427
9642 2.02734
9647 2.06136
9652 2.13078
9657 2.06794
9662 2.05467
9667 2.07813
9672 2.04223
9677 2.04563
9682 2.03935
9687 2.0657
9692 2.04909
9697 2.05994
9702 2.00295
9707 2.0609
9712 2.03584
9717 2.06524
9722 2.03981
9727 2.34634
9732 2.04237
9737 2.06461
9742 2.30307
9747 2.08459
9752 2.04724
9757 2.07958
9762 1.98915
9767 2.06681
9772 1.99809
9777 2.05687
9782 1.86719
9787 2.05677
9792 2.00433
9797 2.05458
9802 2.04154
9807 2.05915
9812 2.03588
9817 2.06487
9822 2.01149
9827 2.10211
9832 2.02792
9837 2.05745
9842 2.05817
9847 2.02918
9852 2.08239
9857 2.04178
9862 2.05975
9867 2.04056
9872 2.0964
9877 2.04452
9882 2.06061
9887 2.03464
9892 2.06099
9897 2.02086
9902 2.06577
9907 2.07957
9912 2.0332
9917 2.07023
9922 2.05624
9927 2.064
9932 2.01457
9937 2.07741
9942 2.06814
9947 2.05909
9952 1.98534
9957 2.06693
9962 2.03695
9967 2.0646
9972 2.00822
9977 2.06698
9982 2.05245
9987 2.0705
9992 2.07745
9997 2.01915
10002 2.06858
12002 2.04358
14002 2.03879
16002 1.75263
18002 2.05542
20002 2.03606
22002 1.75417
24002 2.04968
26002 2.063
28002 2.05306
30002 2.0533
32002 2.03087
34002 2.04657
36002 2.107
38002 2.04353
40002 2.04785
42002 2.05148
44002 2.02376
46002 2.14483
48002 2.03635
50002 1.97026
52002 2.0475
54002 2.03921
56002 2.11259
58002 2.04815
60002 2.04457
62002 2.07142
64002 2.03676
66002 2.04695
68002 2.03679
70002 2.04216
72002 2.0405
74002 2.09692
76002 2.04003
78002 2.05193
80002 2.04004
82002 2.06576
84002 2.17752
86002 2.03983
88002 2.07068
90002 1.90371
92002 2.04003
94002 2.15771
96002 2.06818
98002 2.02937
100002 2.06297
110002 2.05732
120002 2.04153
130002 2.08321
140002 2.04882
150002 2.00573
160002 2.02751
170002 2.04938
180002 2.04964
190002 2.05165
200002 2.05772
210002 2.07056
220002 2.04784
230002 2.0667
240002 2.01249
250002 2.02572
260002 2.04934
270002 2.05314
280002 2.02487
290002 2.0724
300002 2.04152
310002 2.0212
320002 2.04819
330002 2.04392
340002 2.04204
350002 2.04468
360002 2.04661
370002 2.05114
380002 1.99393
390002 1.99878
400002 2.03339
410002 2.02395
420002 2.02585
430002 1.99721
440002 2.01059
450002 2.05104
460002 2.03976
470002 2.04973
480002 2.02996
490002 2.0586
500002 1.98269
510002 1.92447
520002 2.0278
530002 2.03045
540002 2.05313
550002 2.02307
560002 2.03094
570002 2.04746
580002 2.0401
590002 2.02952
600002 2.02654
610002 2.02606
620002 2.01313
630002 2.04502
640002 2.0368
650002 2.02121
660002 2.03187
670002 2.01773
680002 2.03131
690002 2.04953
700002 2.03581
710002 2.02979
720002 2.06555
730002 2.02025
740002 2.05185
750002 2.05004
760002 2.03905
770002 2.03716
780002 2.02856
790002 2.02216
800002 2.02491
810002 2.03765
820002 2.05311
830002 2.03713
840002 2.03244
850002 2.02304
860002 1.97769
870002 2.03033
880002 2.01789
890002 2.03934
900002 2.02923
910002 2.0418
920002 2.0602
930002 2.023
940002 2.0418
950002 2.05058
960002 2.04607
970002 2.07027
980002 2.03029
990002 2.06705
1000002 2.02927
1100002 2.05931
1200002 2.01761
1300002 2.03297
1400002 2.03606
1500002 2.01328
1600002 2.01527
1700002 2.14692
1800002 2.03678
1900002 2.13577
2000002 2.01915
2100002 2.04354
2200002 2.7861
2300002 2.36549
2400002 1.85261
2500002 1.78114
2600002 2.13122
2700002 1.98349
2800002 2.04101
2900002 2.01829
3000002 2.02647
3100002 2.01186
3200002 1.95973
3300002 2.01269
3400002 2.01885
3500002 2.01563
3600002 2.05319
3700002 2.04577
3800002 2.08084
3900002 2.05895
4000002 1.94038
4100002 2.0104
4200002 2.0236
4300002 2.05984
4400002 2.01189
4500002 2.06164
4600002 2.03462
4700002 2.03278
4800002 2.00852
4900002 2.06833
5000002 2.02311
5100002 2.0356
5200002 2.02416
5300002 2.13474
5400002 1.9859
5500002 1.7955
5600002 2.46593
5700002 2.05457
5800002 2.02731
5900002 1.97166
6000002 2.059
6100002 2.06608
6200002 