n 2time
2 0.000009
7 0.000013
12 0.000014
17 0.000025
22 0.000025
27 0.000036
32 0.000038
37 0.000045
42 0.000046
47 0.000052
52 0.000096
57 0.000069
62 0.000078
67 0.000128
72 0.000083
77 0.000087
82 0.000093
87 0.000113
92 0.000195
97 0.000218
102 0.000152
107 0.000162
112 0.000158
117 0.000137
122 0.000142
127 0.000149
132 0.000156
137 0.000242
142 0.000170
147 0.000176
152 0.000181
157 0.000188
162 0.000211
167 0.000199
172 0.000222
177 0.000256
182 0.000220
187 0.000227
192 0.000232
197 0.000239
202 0.000245
207 0.000251
212 0.000258
217 0.000264
222 0.000271
227 0.000277
232 0.000372
237 0.000329
242 0.000298
247 0.000320
252 0.000329
257 0.000330
262 0.000328
267 0.000330
272 0.000337
277 0.000344
282 0.000349
287 0.000356
292 0.000363
297 0.000370
302 0.000376
307 0.000382
312 0.000389
317 0.000396
322 0.000402
327 0.000412
332 0.000415
337 0.000425
342 0.000430
347 0.000435
352 0.000442
357 0.000448
362 0.000460
367 0.000462
372 0.000484
377 0.000475
382 0.000482
387 0.000489
392 0.000539
397 0.000503
402 0.000508
407 0.000516
412 0.000523
417 0.000528
422 0.000535
427 0.000542
432 0.000547
437 0.000556
442 0.000579
447 0.000569
452 0.000576
457 0.000583
462 0.000590
467 0.000709
472 0.000603
477 0.000608
482 0.000614
487 0.000622
492 0.000630
497 0.000636
502 0.000642
507 0.000649
512 0.000655
517 0.000661
522 0.000669
527 0.000676
532 0.000735
537 0.000699
542 0.000696
547 0.000704
552 0.000716
557 0.000717
562 0.000724
567 0.000731
572 0.000738
577 0.000744
582 0.000752
587 0.000757
592 0.000765
597 0.000771
602 0.000778
607 0.000785
612 0.000793
617 0.000813
622 0.000806
627 0.000812
632 0.000817
637 0.000825
642 0.000833
647 0.000838
652 0.000847
657 0.000853
662 0.000859
667 0.000867
672 0.000873
677 0.000879
682 0.000886
687 0.000893
692 0.001244
697 0.000917
702 0.000915
707 0.000920
712 0.000926
717 0.000935
722 0.000941
727 0.000949
732 0.000956
737 0.000962
742 0.001197
747 0.000976
752 0.000982
757 0.000990
762 0.000997
767 0.001004
772 0.001010
777 0.001017
782 0.001025
787 0.001031
792 0.001100
797 0.001045
802 0.001052
807 0.001059
812 0.001066
817 0.001086
822 0.001099
827 0.001115
832 0.001169
837 0.001123
842 0.001108
847 0.001114
852 0.001122
857 0.001127
862 0.001134
867 0.001141
872 0.001148
877 0.001156
882 0.001199
887 0.001170
892 0.001175
897 0.001182
902 0.001202
907 0.001196
912 0.001235
917 0.001211
922 0.001216
927 0.001348
932 0.001259
937 0.001257
942 0.001245
947 0.001287
952 0.001305
957 0.001299
962 0.001305
967 0.001386
972 0.001287
977 0.001293
982 0.001331
987 0.001335
992 0.001348
997 0.001359
1002 0.001376
1007 0.001509
1012 0.001383
1017 0.001350
1022 0.001358
1027 0.001418
1032 0.001415
1037 0.001417
1042 0.001434
1047 0.001422
1052 0.001399
1057 0.001423
1062 0.001450
1067 0.001450
1072 0.001476
1077 0.001482
1082 0.001527
1087 0.001447
1092 0.001498
1097 0.001499
1102 0.001538
1107 0.001503
1112 0.001482
1117 0.001491
1122 0.001500
1127 0.001530
1132 0.001518
1137 0.001877
1142 0.001526
1147 0.001542
1152 0.001613
1157 0.001549
1162 0.001701
1167 0.001569
1172 0.001568
1177 0.001573
1182 0.001581
1187 0.001587
1192 0.001594
1197 0.001602
1202 0.001610
1207 0.001617
1212 0.001623
1217 0.001631
1222 0.001696
1227 0.001646
1232 0.001715
1237 0.001684
1242 0.001683
1247 0.001674
1252 0.001680
1257 0.001754
1262 0.001700
1267 0.001700
1272 0.001707
1277 0.001748
1282 0.001782
1287 0.001790
1292 0.001737
1297 0.001784
1302 0.001788
1307 0.001801
1312 0.001827
1317 0.001823
1322 0.001907
1327 0.001898
1332 0.001891
1337 0.001837
1342 0.001807
1347 0.001822
1352 0.001956
1357 0.001827
1362 0.001834
1367 0.001841
1372 0.001948
1377 0.001926
1382 0.001948
1387 0.001914
1392 0.001942
1397 0.001979
1402 0.001938
1407 0.001996
1412 0.002061
1417 0.001931
1422 0.001948
1427 0.001925
1432 0.001934
1437 0.001963
1442 0.002065
1447 0.001957
1452 0.001962
1457 0.001968
1462 0.001975
1467 0.001983
1472 0.002203
1477 0.002024
1482 0.002360
1487 0.002273
1492 0.002083
1497 0.002033
1502 0.002632
1507 0.002062
1512 0.002133
1517 0.002355
1522 0.002061
1527 0.002076
1532 0.002077
1537 0.002083
1542 0.002105
1547 0.002468
1552 0.002115
1557 0.002112
1562 0.002120
1567 0.002127
1572 0.002135
1577 0.002138
1582 0.002157
1587 0.002154
1592 0.002195
1597 0.002173
1602 0.002210
1607 0.002310
1612 0.002340
1617 0.002779
1622 0.002251
1627 0.002373
1632 0.002399
1637 0.002342
1642 0.002894
1647 0.002383
1652 0.002282
1657 0.002254
1662 0.002294
1667 0.003683
1672 0.002351
1677 0.002282
1682 0.002297
1687 0.002544
1692 0.002320
1697 0.002348
1702 0.002393
1707 0.002405
1712 0.002501
1717 0.002399
1722 0.002494
1727 0.002500
1732 0.002491
1737 0.002710
1742 0.002764
1747 0.002489
1752 0.002502
1757 0.002394
1762 0.003475
1767 0.002489
1772 0.002499
1777 0.002467
1782 0.002497
1787 0.002522
1792 0.002444
1797 0.002452
1802 0.002495
1807 0.002829
1812 0.002510
1817 0.002554
1822 0.002488
1827 0.002617
1832 0.002521
1837 0.002542
1842 0.002517
1847 0.002586
1852 0.002544
1857 0.002717
1862 0.002545
1867 0.002550
1872 0.002717
1877 0.002577
1882 0.002584
1887 0.002581
1892 0.002800
1897 0.002643
1902 0.002673
1907 0.002698
1912 0.002685
1917 0.002655
1922 0.002816
1927 0.002856
1932 0.002829
1937 0.002916
1942 0.002887
1947 0.002779
1952 0.002789
1957 0.002815
1962 0.002757
1967 0.002777
1972 0.003707
1977 0.002720
1982 0.002737
1987 0.002746
1992 0.002753
1997 0.002796
2002 0.002747
2007 0.002789
2012 0.003388
2017 0.002981
2022 0.002777
2027 0.002781
2032 0.004572
2037 0.003060
2042 0.002802
2047 0.002920
2052 0.002843
2057 0.002824
2062 0.002832
2067 0.005901
2072 0.005497
2077 0.005569
2082 0.003688
2087 0.004703
2092 0.003243
2097 0.003023
2102 0.003025
2107 0.002968
2112 0.003177
2117 0.003065
2122 0.003669
2127 0.003233
2132 0.002954
2137 0.003145
2142 0.003072
2147 0.003027
2152 0.003030
2157 0.002967
2162 0.003058
2167 0.003007
2172 0.004126
2177 0.003177
2182 0.003079
2187 0.003071
2192 0.003236
2197 0.003027
2202 0.003037
2207 0.003248
2212 0.003213
2217 0.003197
2222 0.003219
2227 0.003279
2232 0.003085
2237 0.003115
2242 0.003205
2247 0.003382
2252 0.003348
2257 0.003315
2262 0.003456
2267 0.004452
2272 0.003293
2277 0.004220
2282 0.003565
2287 0.003267
2292 0.003164
2297 0.003642
2302 0.003647
2307 0.003947
2312 0.003905
2317 0.003507
2322 0.003295
2327 0.003241
2332 0.003478
2337 0.003288
2342 0.003524
2347 0.003264
2352 0.003494
2357 0.003345
2362 0.003382
2367 0.003436
2372 0.003281
2377 0.003466
2382 0.003453
2387 0.005564
2392 0.003350
2397 0.003781
2402 0.004139
2407 0.003398
2412 0.003333
2417 0.003549
2422 0.003485
2427 0.003379
2432 0.003480
2437 0.004161
2442 0.006351
2447 0.003928
2452 0.003433
2457 0.003450
2462 0.003531
2467 0.004295
2472 0.004378
2477 0.003901
2482 0.003776
2487 0.003475
2492 0.003451
2497 0.003585
2502 0.003783
2507 0.003661
2512 0.003652
2517 0.005046
2522 0.003667
2527 0.003794
2532 0.003680
2537 0.003666
2542 0.003895
2547 0.003712
2552 0.003664
2557 0.003934
2562 0.003712
2567 0.003735
2572 0.003779
2577 0.003793
2582 0.003741
2587 0.003702
2592 0.003619
2597 0.003807
2602 0.003830
2607 0.003940
2612 0.003808
2617 0.003851
2622 0.003874
2627 0.003898
2632 0.003825
2637 0.004471
2642 0.003709
2647 0.003836
2652 0.003840
2657 0.004189
2662 0.003699
2667 0.003739
2672 0.003925
2677 0.003859
2682 0.003953
2687 0.004114
2692 0.003932
2697 0.003822
2702 0.004028
2707 0.004131
2712 0.003769
2717 0.004074
2722 0.003891
2727 0.003917
2732 0.004097
2737 0.004018
2742 0.004099
2747 0.004064
2752 0.004154
2757 0.004148
2762 0.004024
2767 0.005462
2772 0.003967
2777 0.004038
2782 0.003943
2787 0.004091
2792 0.004130
2797 0.004168
2802 0.004028
2807 0.004151
2812 0.004114
2817 0.004015
2822 0.003957
2827 0.004354
2832 0.003958
2837 0.004019
2842 0.004800
2847 0.004081
2852 0.004093
2857 0.004425
2862 0.004105
2867 0.004194
2872 0.004545
2877 0.005562
2882 0.004318
2887 0.004369
2892 0.004303
2897 0.004316
2902 0.006744
2907 0.004404
2912 0.004239
2917 0.004201
2922 0.004569
2927 0.004195
2932 0.004386
2937 0.004293
2942 0.004347
2947 0.004263
2952 0.004404
2957 0.004817
2962 0.004205
2967 0.004177
2972 0.004716
2977 0.004294
2982 0.004715
2987 0.004370
2992 0.004443
2997 0.004242
3002 0.004455
3007 0.005100
3012 0.004811
3017 0.004347
3022 0.004579
3027 0.004346
3032 0.004481
3037 0.005754
3042 0.004383
3047 0.004599
3052 0.007112
3057 0.006011
3062 0.005015
3067 0.004286
3072 0.007710
3077 0.008161
3082 0.006440
3087 0.004456
3092 0.004320
3097 0.005135
3102 0.004358
3107 0.004403
3112 0.004823
3117 0.004413
3122 0.004422
3127 0.007292
3132 0.004755
3137 0.004554
3142 0.004517
3147 0.004607
3152 0.006723
3157 0.004647
3162 0.004427
3167 0.004659
3172 0.004646
3177 0.004802
3182 0.004778
3187 0.004783
3192 0.004715
3197 0.004509
3202 0.004749
3207 0.006069
3212 0.005848
3217 0.005109
3222 0.004528
3227 0.004705
3232 0.007393
3237 0.004647
3242 0.005298
3247 0.004907
3252 0.004884
3257 0.009334
3262 0.004650
3267 0.005029
3272 0.004657
3277 0.005149
3282 0.004670
3287 0.004650
3292 0.005266
3297 0.004851
3302 0.004934
3307 0.004984
3312 0.004965
3317 0.005068
3322 0.005024
3327 0.004962
3332 0.004987
3337 0.005008
3342 0.004974
3347 0.004850
3352 0.004915
3357 0.005024
3362 0.005107
3367 0.005146
3372 0.005093
3377 0.005122
3382 0.005145
3387 0.004913
3392 0.005098
3397 0.004943
3402 0.005046
3407 0.005436
3412 0.005445
3417 0.005233
3422 0.006484
3427 0.005762
3432 0.005578
3437 0.004996
3442 0.004997
3447 0.004857
3452 0.004884
3457 0.005315
3462 0.004978
3467 0.005108
3472 0.005137
3477 0.005102
3482 0.005364
3487 0.004901
3492 0.004962
3497 0.005209
3502 0.005174
3507 0.005424
3512 0.005180
3517 0.005192
3522 0.005369
3527 0.005283
3532 0.005222
3537 0.005145
3542 0.005191
3547 0.005233
3552 0.005263
3557 0.005327
3562 0.005159
3567 0.005134
3572 0.005109
3577 0.005054
3582 0.005210
3587 0.005357
3592 0.005054
3597 0.005213
3602 0.005212
3607 0.005080
3612 0.005139
3617 0.005136
3622 0.005292
3627 0.005208
3632 0.005265
3637 0.005329
3642 0.005128
3647 0.005325
3652 0.005220
3657 0.005309
3662 0.005380
3667 0.005163
3672 0.005250
3677 0.005251
3682 0.005369
3687 0.005484
3692 0.005332
3697 0.005473
3702 0.005406
3707 0.005421
3712 0.005517
3717 0.005485
3722 0.005673
3727 0.005311
3732 0.005282
3737 0.005463
3742 0.005297
3747 0.006269
3752 0.005450
3757 0.005323
3762 0.005306
3767 0.005332
3772 0.005489
3777 0.005476
3782 0.005552
3787 0.005445
3792 0.005471
3797 0.005563
3802 0.005362
3807 0.005491
3812 0.005475
3817 0.005603
3822 0.005719
3827 0.005399
3832 0.005884
3837 0.005563
3842 0.005627
3847 0.005917
3852 0.005481
3857 0.006444
3862 0.005684
3867 0.005775
3872 0.005730
3877 0.005474
3882 0.008443
3887 0.011747
3892 0.006662
3897 0.006319
3902 0.005656
3907 0.005604
3912 0.005743
3917 0.005772
3922 0.005762
3927 0.005817
3932 0.008103
3937 0.005865
3942 0.005734
3947 0.005575
3952 0.005631
3957 0.005785
3962 0.005761
3967 0.005681
3972 0.005878
3977 0.006512
3982 0.005644
3987 0.005735
3992 0.005645
3997 0.005795
4002 0.005724
4007 0.005798
4012 0.008129
4017 0.005913
4022 0.006029
4027 0.005939
4032 0.005854
4037 0.005721
4042 0.005744
4047 0.005731
4052 0.005903
4057 0.005866
4062 0.005754
4067 0.005841
4072 0.005922
4077 0.006063
4082 0.005947
4087 0.006046
4092 0.005997
4097 0.006336
4102 0.005803
4107 0.005851
4112 0.005831
4117 0.005922
4122 0.005897
4127 0.006022
4132 0.006221
4137 0.006100
4142 0.006255
4147 0.006133
4152 0.006350
4157 0.005920
4162 0.006000
4167 0.005901
4172 0.005938
4177 0.005914
4182 0.005941
4187 0.006118
4192 0.005938
4197 0.006440
4202 0.005952
4207 0.006163
4212 0.006103
4217 0.006228
4222 0.006421
4227 0.006238
4232 0.006198
4237 0.006004
4242 0.006400
4247 0.006036
4252 0.006187
4257 0.006484
4262 0.006086
4267 0.006104
4272 0.006063
4277 0.006181
4282 0.006069
4287 0.006329
4292 0.006182
4297 0.006310
4302 0.006295
4307 0.006404
4312 0.006352
4317 0.006386
4322 0.006341
4327 0.006394
4332 0.006279
4337 0.006155
4342 0.006194
4347 0.006345
4352 0.006521
4357 0.006489
4362 0.006528
4367 0.006196
4372 0.006420
4377 0.006208
4382 0.006705
4387 0.006332
4392 0.006482
4397 0.006408
4402 0.006508
4407 0.006450
4412 0.006523
4417 0.006527
4422 0.006557
4427 0.006560
4432 0.006590
4437 0.006449
4442 0.006494
4447 0.006326
4452 0.006334
4457 0.006341
4462 0.006350
4467 0.006392
4472 0.006653
4477 0.006467
4482 0.006412
4487 0.006621
4492 0.006638
4497 0.006702
4502 0.006668
4507 0.006801
4512 0.006678
4517 0.008006
4522 0.006743
4527 0.006997
4532 0.006455
4537 0.006645
4542 0.006689
4547 0.007720
4552 0.006741
4557 0.006862
4562 0.006788
4567 0.006902
4572 0.006863
4577 0.010549
4582 0.007533
4587 0.006694
4592 0.006883
4597 0.006708
4602 0.006955
4607 0.006883
4612 0.006937
4617 0.006974
4622 0.006908
4627 0.006883
4632 0.006928
4637 0.006594
4642 0.006979
4647 0.006734
4652 0.006939
4657 0.006938
4662 0.007030
4667 0.006918
4672 0.007145
4677 0.006974
4682 0.007579
4687 0.006777
4692 0.006708
4697 0.006716
4702 0.007028
4707 0.006975
4712 0.007108
4717 0.007034
4722 0.006992
4727 0.006735
4732 0.006945
4737 0.006752
4742 0.007012
4747 0.007027
4752 0.007247
4757 0.007037
4762 0.007175
4767 0.007176
4772 0.007109
4777 0.006817
4782 0.006875
4787 0.006815
4792 0.007055
4797 0.007055
4802 0.007216
4807 0.007155
4812 0.007056
4817 0.006873
4822 0.009382
4827 0.007168
4832 0.007484
4837 0.007227
4842 0.007405
4847 0.007395
4852 0.007200
4857 0.007334
4862 0.007025
4867 0.007274
4872 0.007207
4877 0.007315
4882 0.007300
4887 0.007584
4892 0.007244
4897 0.007159
4902 0.007099
4907 0.007079
4912 0.007012
4917 0.007401
4922 0.007052
4927 0.007035
4932 0.007259
4937 0.007234
4942 0.007407
4947 0.007073
4952 0.007327
4957 0.007068
4962 0.007123
4967 0.007133
4972 0.007242
4977 0.007110
4982 0.007211
4987 0.007118
4992 0.007291
4997 0.007224
5002 0.007363
5007 0.007458
5012 0.007550
5017 0.007481
5022 0.007164
5027 0.007240
5032 0.007178
5037 0.007263
5042 0.007193
5047 0.007375
5052 0.007229
5057 0.007621
5062 0.007451
5067 0.007591
5072 0.007251
5077 0.007541
5082 0.007250
5087 0.009738
5092 0.007548
5097 0.007395
5102 0.007813
5107 0.007404
5112 0.007608
5117 0.007635
5122 0.007776
5127 0.007735
5132 0.007760
5137 0.007690
5142 0.007462
5147 0.009491
5152 0.007757
5157 0.007616
5162 0.007384
5167 0.007379
5172 0.007542
5177 0.007499
5182 0.007827
5187 0.009414
5192 0.008469
5197 0.007432
5202 0.007465
5207 0.009751
5212 0.007795
5217 0.007581
5222 0.007462
5227 0.008245
5232 0.007610
5237 0.007942
5242 0.007717
5247 0.007509
5252 0.007555
5257 0.007523
5262 0.007774
5267 0.007848
5272 0.007909
5277 0.007842
5282 0.007555
5287 0.007879
5292 0.007934
5297 0.007779
5302 0.007627
5307 0.007670
5312 0.007655
5317 0.007617
5322 0.008010
5327 0.007616
5332 0.007999
5337 0.007968
5342 0.007753
5347 0.007661
5352 0.007656
5357 0.007872
5362 0.007679
5367 0.007770
5372 0.007693
5377 0.007731
5382 0.007720
5387 0.007705
5392 0.010062
5397 0.008083
5402 0.007825
5407 0.007775
5412 0.007743
5417 0.008042
5422 0.008049
5427 0.008253
5432 0.008171
5437 0.008020
5442 0.007819
5447 0.007992
5452 0.010343
5457 0.008196
5462 0.007949
5467 0.007827
5472 0.007839
5477 0.008136
5482 0.007867
5487 0.008136
5492 0.008228
5497 0.007985
5502 0.008019
5507 0.007929
5512 0.008190
5517 0.008122
5522 0.008068
5527 0.007924
5532 0.007996
5537 0.008231
5542 0.008174
5547 0.008370
5552 0.008303
5557 0.008219
5562 0.008283
5567 0.007971
5572 0.008305
5577 0.007989
5582 0.008055
5587 0.008290
5592 0.008367
5597 0.008329
5602 0.008029
5607 0.008111
5612 0.008080
5617 0.008062
5622 0.008467
5627 0.008093
5632 0.010608
5637 0.008613
5642 0.008561
5647 0.008188
5652 0.008111
5657 0.008108
5662 0.008247
5667 0.008124
5672 0.008516
5677 0.008470
5682 0.008154
5687 0.010265
5692 0.008436
5697 0.008403
5702 0.008613
5707 0.008594
5712 0.008519
5717 0.008250
5722 0.008230
5727 0.008339
5732 0.008292
5737 0.011108
5742 0.009725
5747 0.008325
5752 0.008321
5757 0.008546
5762 0.008287
5767 0.008855
5772 0.008769
5777 0.008401
5782 0.008703
5787 0.008302
5792 0.008523
5797 0.008726
5802 0.009035
5807 0.008388
5812 0.008342
5817 0.008460
5822 0.008636
5827 0.008409
5832 0.008721
5837 0.008771
5842 0.008537
5847 0.008817
5852 0.008831
5857 0.008756
5862 0.008521
5867 0.008681
5872 0.008911
5877 0.008484
5882 0.008443
5887 0.008973
5892 0.009020
5897 0.008724
5902 0.008839
5907 0.008495
5912 0.011088
5917 0.008928
5922 0.008577
5927 0.008594
5932 0.008666
5937 0.008551
5942 0.008630
5947 0.008552
5952 0.008596
5957 0.008973
5962 0.008994
5967 0.008679
5972 0.008994
5977 0.008956
5982 0.009131
5987 0.009261
5992 0.009103
5997 0.008871
6002 0.008638
6007 0.008764
6012 0.009042
6017 0.009045
6022 0.008733
6027 0.008686
6032 0.008825
6037 0.009191
6042 0.009183
6047 0.009167
6052 0.009238
6057 0.009258
6062 0.009194
6067 0.008884
6072 0.009625
6077 0.008752
6082 0.008832
6087 0.008757
6092 0.008789
6097 0.009199
6102 0.008874
6107 0.008968
6112 0.009266
6117 0.009231
6122 0.009004
6127 0.009829
6132 0.009306
6137 0.009183
6142 0.009391
6147 0.009315
6152 0.009205
6157 0.009188
6162 0.008889
6167 0.009013
6172 0.009298
6177 0.009475
6182 0.009038
6187 0.008966
6192 0.009163
6197 0.009151
6202 0.011218
6207 0.010387
6212 0.008937
6217 0.009290
6222 0.009371
6227 0.009187
6232 0.010408
6237 0.010920
6242 0.015121
6247 0.009164
6252 0.009010
6257 0.010814
6262 0.009077
6267 0.009024
6272 0.011300
6277 0.009424
6282 0.009273
6287 0.009329
6292 0.009501
6297 0.009588
6302 0.009522
6307 0.009565
6312 0.009146
6317 0.009332
6322 0.009264
6327 0.009141
6332 0.009169
6337 0.009148
6342 0.009169
6347 0.009324
6352 0.009632
6357 0.009650
6362 0.009310
6367 0.009598
6372 0.009383
6377 0.009212
6382 0.011818
6387 0.009714
6392 0.009265
6397 0.009437
6402 0.009350
6407 0.009501
6412 0.010214
6417 0.009794
6422 0.009749
6427 0.009783
6432 0.009661
6437 0.009534
6442 0.009493
6447 0.009542
6452 0.009364
6457 0.009637
6462 0.009409
6467 0.009334
6472 0.009566
6477 0.009534
6482 0.009457
6487 0.009582
6492 0.009613
6497 0.009460
6502 0.009614
6507 0.009945
6512 0.009848
6517 0.009901
6522 0.009745
6527 0.009744
6532 0.009841
6537 0.012252
6542 0.010936
6547 0.009597
6552 0.009930
6557 0.010425
6562 0.009902
6567 0.009479
6572 0.010974
6577 0.009862
6582 0.010131
6587 0.009506
6592 0.009561
6597 0.009810
6602 0.009882
6607 0.010165
6612 0.010164
6617 0.009997
6622 0.009928
6627 0.010139
6632 0.010018
6637 0.010160
6642 0.009841
6647 0.009659
6652 0.009834
6657 0.009785
6662 0.010132
6667 0.010183
6672 0.010145
6677 0.009772
6682 0.010429
6687 0.009928
6692 0.009678
6697 0.009752
6702 0.010051
6707 0.012634
6712 0.011727
6717 0.009934
6722 0.009808
6727 0.009719
6732 0.010074
6737 0.009806
6742 0.009865
6747 0.009818
6752 0.010171
6757 0.010165
6762 0.009821
6767 0.009978
6772 0.010161
6777 0.011838
6782 0.010313
6787 0.010119
6792 0.010321
6797 0.010530
6802 0.009952
6807 0.010337
6812 0.010499
6817 0.010439
6822 0.010400
6827 0.010589
6832 0.010496
6837 0.010499
6842 0.010090
6847 0.010446
6852 0.010542
6857 0.010506
6862 0.010327
6867 0.010575
6872 0.010573
6877 0.010043
6882 0.010472
6887 0.010583
6892 0.010656
6897 0.010543
6902 0.010648
6907 0.010321
6912 0.010030
6917 0.010358
6922 0.012611
6927 0.010117
6932 0.010095
6937 0.010036
6942 0.010408
6947 0.010613
6952 0.010641
6957 0.010439
6962 0.010658
6967 0.010766
6972 0.010432
6977 0.010526
6982 0.010719
6987 0.010577
6992 0.010240
6997 0.010446
7002 0.010268
7007 0.010348
7012 0.010566
7017 0.010845
7022 0.010815
7027 0.010764
7032 0.010761
7037 0.010349
7042 0.010251
7047 0.010535
7052 0.010214
7057 0.010674
7062 0.013025
7067 0.012687
7072 0.011189
7077 0.010761
7082 0.010589
7087 0.010351
7092 0.010664
7097 0.012785
7102 0.010666
7107 0.013247
7112 0.010886
7117 0.010517
7122 0.010380
7127 0.010412
7132 0.010393
7137 0.010538
7142 0.016188
7147 0.010681
7152 0.010429
7157 0.010427
7162 0.010407
7167 0.010386
7172 0.010424
7177 0.010455
7182 0.010655
7187 0.010724
7192 0.010854
7197 0.010453
7202 0.010484
7207 0.010837
7212 0.010752
7217 0.010484
7222 0.010495
7227 0.010767
7232 0.010827
7237 0.010679
7242 0.010690
7247 0.010538
7252 0.010615
7257 0.010571
7262 0.010764
7267 0.010536
7272 0.010748
7277 0.010880
7282 0.012715
7287 0.010814
7292 0.010644
7297 0.010585
7302 0.010744
7307 0.010735
7312 0.010706
7317 0.010700
7322 0.010609
7327 0.011358
7332 0.010757
7337 0.010693
7342 0.010656
7347 0.010724
7352 0.010932
7357 0.010708
7362 0.010732
7367 0.010700
7372 0.010819
7377 0.010853
7382 0.010744
7387 0.010908
7392 0.010745
7397 0.010723
7402 0.010836
7407 0.010798
7412 0.010995
7417 0.010812
7422 0.010775
7427 0.010974
7432 0.010933
7437 0.010841
7442 0.011034
7447 0.011042
7452 0.011198
7457 0.011419
7462 0.010926
7467 0.010926
7472 0.010850
7477 0.011067
7482 0.010939
7487 0.010919
7492 0.010878
7497 0.010890
7502 0.011259
7507 0.010968
7512 0.011640
7517 0.014040
7522 0.012495
7527 0.011321
7532 0.011031
7537 0.013465
7542 0.011824
7547 0.011038
7552 0.011012
7557 0.011365
7562 0.011487
7567 0.011508
7572 0.011983
7577 0.011745
7582 0.011810
7587 0.011544
7592 0.011139
7597 0.011214
7602 0.011201
7607 0.011091
7612 0.011106
7617 0.011298
7622 0.011123
7627 0.013227
7632 0.011346
7637 0.011462
7642 0.011364
7647 0.011404
7652 0.011210
7657 0.011232
7662 0.011170
7667 0.011362
7672 0.011955
7677 0.011784
7682 0.011775
7687 0.011597
7692 0.011179
7697 0.011985
7702 0.011410
7707 0.011417
7712 0.011402
7717 0.011638
7722 0.011746
7727 0.011922
7732 0.012058
7737 0.012020
7742 0.011354
7747 0.011553
7752 0.011899
7757 0.013079
7762 0.011488
7767 0.011779
7772 0.011493
7777 0.011639
7782 0.011456
7787 0.011372
7792 0.011358
7797 0.011361
7802 0.013980
7807 0.011423
7812 0.011443
7817 0.011616
7822 0.011520
7827 0.011952
7832 0.011667
7837 0.012150
7842 0.014297
7847 0.011926
7852 0.011502
7857 0.011979
7862 0.011875
7867 0.011528
7872 0.011499
7877 0.011687
7882 0.011760
7887 0.011522
7892 0.011465
7897 0.011794
7902 0.012425
7907 0.011986
7912 0.012370
7917 0.012093
7922 0.012211
7927 0.012255
7932 0.015325
7937 0.012450
7942 0.011566
7947 0.012180
7952 0.012417
7957 0.012317
7962 0.012134
7967 0.012001
7972 0.012248
7977 0.011729
7982 0.011669
7987 0.011720
7992 0.011698
7997 0.011751
8002 0.012257
8007 0.012303
8012 0.011887
8017 0.011848
8022 0.011804
8027 0.011682
8032 0.012065
8037 0.011818
8042 0.011749
8047 0.012099
8052 0.011764
8057 0.011843
8062 0.012033
8067 0.012404
8072 0.012464
8077 0.012262
8082 0.011936
8087 0.011945
8092 0.011880
8097 0.012044
8102 0.011826
8107 0.012531
8112 0.011893
8117 0.012397
8122 0.012401
8127 0.012607
8132 0.014729
8137 0.012472
8142 0.012394
8147 0.012056
8152 0.012265
8157 0.012115
8162 0.012369
8167 0.012626
8172 0.014845
8177 0.012162
8182 0.011952
8187 0.012302
8192 0.012113
8197 0.012515
8202 0.012630
8207 0.012377
8212 0.012805
8217 0.012245
8222 0.012003
8227 0.012429
8232 0.012899
8237 0.012114
8242 0.012461
8247 0.012146
8252 0.012359
8257 0.012240
8262 0.012094
8267 0.012252
8272 0.012160
8277 0.012317
8282 0.012387
8287 0.012264
8292 0.012713
8297 0.012455
8302 0.013768
8307 0.014272
8312 0.012596
8317 0.012603
8322 0.013103
8327 0.012908
8332 0.012976
8337 0.012729
8342 0.012304
8347 0.012274
8352 0.012727
8357 0.012879
8362 0.012886
8367 0.012949
8372 0.012933
8377 0.012715
8382 0.012992
8387 0.012355
8392 0.012313
8397 0.012778
8402 0.012436
8407 0.013145
8412 0.012315
8417 0.012267
8422 0.012483
8427 0.012412
8432 0.012617
8437 0.012417
8442 0.012373
8447 0.014786
8452 0.012509
8457 0.012449
8462 0.012459
8467 0.012428
8472 0.012937
8477 0.012515
8482 0.012463
8487 0.013846
8492 0.012433
8497 0.012815
8502 0.013038
8507 0.013114
8512 0.012980
8517 0.012470
8522 0.013994
8527 0.012585
8532 0.012458
8537 0.012554
8542 0.013628
8547 0.012587
8552 0.012962
8557 0.012810
8562 0.014823
8567 0.013279
8572 0.013121
8577 0.013323
8582 0.013251
8587 0.013045
8592 0.013289
8597 0.013338
8602 0.015357
8607 0.013084
8612 0.013449
8617 0.013169
8622 0.012667
8627 0.012641
8632 0.012810
8637 0.012820
8642 0.012788
8647 0.013672
8652 0.012858
8657 0.012888
8662 0.016661
8667 0.013826
8672 0.012830
8677 0.012845
8682 0.012758
8687 0.012722
8692 0.012882
8697 0.012855
8702 0.012856
8707 0.012805
8712 0.013048
8717 0.012808
8722 0.012818
8727 0.012735
8732 0.013888
8737 0.012824
8742 0.012894
8747 0.012785
8752 0.013006
8757 0.013806
8762 0.013274
8767 0.013436
8772 0.013332
8777 0.013403
8782 0.013155
8787 0.012969
8792 0.012836
8797 0.012901
8802 0.013496
8807 0.012988
8812 0.012932
8817 0.012997
8822 0.013017
8827 0.012978
8832 0.012972
8837 0.013292
8842 0.013444
8847 0.013014
8852 0.012940
8857 0.013005
8862 0.015140
8867 0.013484
8872 0.013170
8877 0.013260
8882 0.013126
8887 0.013391
8892 0.013124
8897 0.015070
8902 0.013329
8907 0.013694
8912 0.013896
8917 0.013790
8922 0.013567
8927 0.013843
8932 0.013377
8937 0.013227
8942 0.013074
8947 0.013352
8952 0.013869
8957 0.017484
8962 0.013166
8967 0.013737
8972 0.013830
8977 0.013808
8982 0.014018
8987 0.013808
8992 0.013167
8997 0.013137
9002 0.017180
9007 0.014679
9012 0.013700
9017 0.014009
9022 0.014873
9027 0.013666
9032 0.015146
9037 0.013644
9042 0.014016
9047 0.014101
9052 0.014326
9057 0.013834
9062 0.013977
9067 0.013867
9072 0.013261
9077 0.013400
9082 0.013355
9087 0.013352
9092 0.013511
9097 0.013386
9102 0.013959
9107 0.014119
9112 0.014278
9117 0.014127
9122 0.013624
9127 0.013757
9132 0.014301
9137 0.013625
9142 0.013831
9147 0.014938
9152 0.013513
9157 0.013464
9162 0.013971
9167 0.014105
9172 0.014242
9177 0.013718
9182 0.013472
9187 0.013968
9192 0.013947
9197 0.014136
9202 0.014669
9207 0.014076
9212 0.014354
9217 0.014245
9222 0.014339
9227 0.014107
9232 0.013835
9237 0.014721
9242 0.014147
9247 0.014462
9252 0.015079
9257 0.014564
9262 0.014385
9267 0.014304
9272 0.014158
9277 0.013916
9282 0.014025
9287 0.014849
9292 0.013822
9297 0.013747
9302 0.013972
9307 0.014250
9312 0.014306
9317 0.014122
9322 0.014742
9327 0.021622
9332 0.015976
9337 0.014367
9342 0.014249
9347 0.014037
9352 0.013872
9357 0.014400
9362 0.013772
9367 0.013794
9372 0.014013
9377 0.013773
9382 0.014047
9387 0.014505
9392 0.016830
9397 0.014651
9402 0.014541
9407 0.013963
9412 0.014018
9417 0.014174
9422 0.014021
9427 0.014582
9432 0.014981
9437 0.013850
9442 0.014280
9447 0.014970
9452 0.014783
9457 0.013889
9462 0.014282
9467 0.014148
9472 0.013990
9477 0.014499
9482 0.014295
9487 0.013995
9492 0.014366
9497 0.014738
9502 0.014880
9507 0.014740
9512 0.014029
9517 0.014238
9522 0.014632
9527 0.014518
9532 0.015529
9537 0.014077
9542 0.014079
9547 0.014642
9552 0.014509
9557 0.014451
9562 0.014853
9567 0.014658
9572 0.014095
9577 0.014083
9582 0.014070
9587 0.014364
9592 0.014750
9597 0.014950
9602 0.014942
9607 0.014139
9612 0.014295
9617 0.014540
9622 0.014739
9627 0.014977
9632 0.014503
9637 0.015100
9642 0.016596
9647 0.015121
9652 0.021734
9657 0.014862
9662 0.015034
9667 0.014522
9672 0.014860
9677 0.014363
9682 0.014279
9687 0.014374
9692 0.014473
9697 0.014494
9702 0.014893
9707 0.014289
9712 0.014334
9717 0.014718
9722 0.014909
9727 0.015130
9732 0.015017
9737 0.014792
9742 0.014971
9747 0.014354
9752 0.014335
9757 0.014576
9762 0.014812
9767 0.014722
9772 0.015092
9777 0.014977
9782 0.014833
9787 0.014648
9792 0.014905
9797 0.014480
9802 0.014611
9807 0.017559
9812 0.015351
9817 0.015420
9822 0.015357
9827 0.015367
9832 0.014771
9837 0.014555
9842 0.015192
9847 0.015298
9852 0.014561
9857 0.014543
9862 0.014625
9867 0.014701
9872 0.014612
9877 0.014827
9882 0.014716
9887 0.014566
9892 0.014697
9897 0.014590
9902 0.014624
9907 0.017268
9912 0.015207
9917 0.015369
9922 0.015420
9927 0.015682
9932 0.014928
9937 0.014679
9942 0.014817
9947 0.015050
9952 0.014743
9957 0.014923
9962 0.018864
9967 0.015329
9972 0.015510
9977 0.015598
9982 0.015159
9987 0.014768
9992 0.014885
9997 0.014682
10002 0.015463
12002 0.018924
14002 0.022189
16002 0.025572
18002 0.027824
20002 0.034272
22002 0.035288
24002 0.037699
26002 0.042892
28002 0.045765
30002 0.051744
32002 0.049923
34002 0.054108
36002 0.055772
38002 0.060229
40002 0.062645
42002 0.065612
44002 0.069049
46002 0.073394
48002 0.081662
50002 0.079662
52002 0.082702
54002 0.085940
56002 0.089551
58002 0.094678
60002 0.098186
62002 0.098944
64002 0.101538
66002 0.106935
68002 0.123530
70002 0.114308
72002 0.116364
74002 0.121070
76002 0.126908
78002 0.123631
80002 0.128070
82002 0.135041
84002 0.141217
86002 0.141093
88002 0.143392
90002 0.144314
92002 0.154131
94002 0.153193
96002 0.157342
98002 0.163628
100002 0.162357
110002 0.180200
120002 0.197047
130002 0.209883
140002 0.233116
150002 0.248452
160002 0.273148
170002 0.283604
180002 0.309603
190002 0.314820
200002 0.338131
210002 0.359142
220002 0.374928
230002 0.405425
240002 0.397692
250002 0.428234
260002 0.450831
270002 0.454359
280002 0.479368
290002 0.487383
300002 0.511683
310002 0.521398
320002 0.540853
330002 0.561566
340002 0.587189
350002 0.612974
360002 0.620103
370002 0.641032
380002 0.655193
390002 0.683558
400002 0.696292
410002 0.797239
420002 0.787715
430002 0.742724
440002 0.790020
450002 0.848579
460002 0.844479
470002 0.823493
480002 0.845245
490002 0.859815
500002 0.879536
510002 0.902157
520002 0.919853
530002 0.950560
540002 0.949130
550002 0.977924
560002 1.027833
570002 1.024058
580002 1.046396
590002 1.044702
600002 1.057315
610002 1.069681
620002 1.082120
630002 1.112441
640002 1.118963
650002 1.161170
660002 1.189985
670002 1.217710
680002 1.210921
690002 1.328685
700002 1.256798
710002 1.280980
720002 1.290480
730002 1.301035
740002 1.327241
750002 1.356261
760002 1.363661
770002 1.383166
780002 1.422514
790002 1.422263
800002 1.420789
810002 1.493495
820002 1.446096
830002 1.486996
840002 1.530229
850002 1.542182
860002 1.574831
870002 1.560263
880002 1.597477
890002 1.597024
900002 1.618913
910002 1.622021
920002 1.655871
930002 1.673766
940002 1.687092
950002 1.719108
960002 1.756487
970002 1.730763
980002 1.783331
990002 1.790690
1000002 1.799487
1100002 1.999344
1200002 2.262093
1300002 2.356833
1400002 2.527416
1500002 2.729275
1600002 3.217626
1700002 3.162155
1800002 3.312981
1900002 3.817408
2000002 4.344184
2100002 4.410670
2200002 4.822141
2300002 4.961819
2400002 5.731613
2500002 5.893105
2600002 5.450235
2700002 5.069623
2800002 5.153700
2900002 5.789174
3000002 5.614747
3100002 5.802326
3200002 6.005406
3300002 6.135603
3400002 6.285052
3500002 6.698962
3600002 6.704923
3700002 7.032936
3800002 7.105465
3900002 7.274627
4000002 7.553439
4100002 7.770231
4200002 7.890991
4300002 8.063193
4400002 8.275998
4500002 8.457865
4600002 9.430311
4700002 9.171445
4800002 9.772359
4900002 9.924995
5000002 9.716279
5100002 9.788165
5200002 9.799150
5300002 10.123594
5400002 10.215880
5500002 10.460175
5600002 10.702450
5700002 10.699203
5800002 11.327988
5900002 11.545771
6000002 11.718367
6100002 12.117067
6200002 12.508839
6300002 14.092953
6400002 13.056547
6500002 13.592289
6600002 12.796390
6700002 12.945133
6800002 13.431886
6900002 13.199484
7000002 13.644927
7100002 13.816116
7200002 13.822766
7300002 14.124267
7400002 14.128981
7500002 14.384741
7600002 14.455054
7700002 14.914070
7800002 15.005011
7900002 15.243308
8000002 15.327749
8100002 15.365892
8200002 15.527388
8300002 15.704425
8400002 16.140322
8500002 16.134202
8600002 16.212216
8700002 16.418633
8800002 16.576112
8900002 16.748870
9000002 16.998075
9100002 17.047587
9200002 17.277233
9300002 17.552136
9400002 18.094788
9500002 18.095597
9600002 18.223804
9700002 18.897313
9800002 19.181004
9900002 18.806811
10000002 19.175025
11000002 21.505701
12000002 22.861745
13000002 25.739729
14000002 27.564109
15000002 28.625014
16000002 30.653225
17000002 32.500852
18000002 34.455254
19000002 36.535528
20000002 38.280673
21000002 40.513166
22000002 42.424182
23000002 43.996760
24000002 46.086297
25000002 48.021735
26000002 50.224309
27000002 52.075484
