n time
2 0.000006
7 0.000004
12 0.000006
17 0.000012
22 0.000012
27 0.000014
32 0.000017
37 0.000019
42 0.000022
47 0.000032
52 0.000028
57 0.000031
62 0.000034
67 0.000037
72 0.000073
77 0.000043
82 0.000046
87 0.000049
92 0.000054
97 0.000055
102 0.000058
107 0.000063
112 0.000064
117 0.000067
122 0.000072
127 0.000073
132 0.000076
137 0.000121
142 0.000082
147 0.000085
152 0.000096
157 0.000095
162 0.000100
167 0.000121
172 0.000104
177 0.000112
182 0.000107
187 0.000111
192 0.000117
197 0.000116
202 0.000123
207 0.000123
212 0.000129
217 0.000129
222 0.000133
227 0.000138
232 0.000139
237 0.000142
242 0.000148
247 0.000152
252 0.000162
257 0.000155
262 0.000160
267 0.000188
272 0.000182
277 0.000168
282 0.000176
287 0.000174
292 0.000178
297 0.000184
302 0.000187
307 0.000188
312 0.000191
317 0.000197
322 0.000201
327 0.000201
332 0.000203
337 0.000209
342 0.000210
347 0.000216
352 0.000219
357 0.000222
362 0.000227
367 0.000229
372 0.000234
377 0.000241
382 0.000239
387 0.000242
392 0.000246
397 0.000250
402 0.000253
407 0.000256
412 0.000259
417 0.000263
422 0.000267
427 0.000269
432 0.000274
437 0.000277
442 0.000279
447 0.000282
452 0.000286
457 0.000290
462 0.000292
467 0.000300
472 0.000301
477 0.000304
482 0.000307
487 0.000309
492 0.000314
497 0.000443
502 0.000322
507 0.000328
512 0.000346
517 0.000329
522 0.000336
527 0.000336
532 0.000339
537 0.000342
542 0.000347
547 0.000349
552 0.000364
557 0.000358
562 0.000361
567 0.000364
572 0.000558
577 0.000370
582 0.000374
587 0.000376
592 0.000380
597 0.000401
602 0.000387
607 0.000393
612 0.000393
617 0.000398
622 0.000402
627 0.000405
632 0.000409
637 0.000411
642 0.000420
647 0.000420
652 0.000425
657 0.000425
662 0.000429
667 0.000433
672 0.000436
677 0.000439
682 0.000441
687 0.000443
692 0.000448
697 0.000450
702 0.000454
707 0.000459
712 0.000465
717 0.000465
722 0.000478
727 0.000573
732 0.000475
737 0.000481
742 0.000485
747 0.000485
752 0.000488
757 0.000506
762 0.000499
767 0.000500
772 0.000503
777 0.000505
782 0.000509
787 0.000511
792 0.000522
797 0.000529
802 0.000526
807 0.000533
812 0.000872
817 0.000531
822 0.000537
827 0.000538
832 0.000546
837 0.000547
842 0.000551
847 0.000619
852 0.000560
857 0.000575
862 0.000566
867 0.000567
872 0.000576
877 0.000576
882 0.000579
887 0.000580
892 0.000584
897 0.000588
902 0.000592
907 0.000594
912 0.000598
917 0.000615
922 0.000608
927 0.000610
932 0.000612
937 0.000617
942 0.000621
947 0.000623
952 0.000627
957 0.000629
962 0.000635
967 0.000636
972 0.000698
977 0.000654
982 0.000651
987 0.000652
992 0.000660
997 0.000657
1002 0.000661
1007 0.000664
1012 0.000668
1017 0.000704
1022 0.000678
1027 0.002239
1032 0.001708
1037 0.001465
1042 0.001261
1047 0.001161
1052 0.001020
1057 0.001001
1062 0.000811
1067 0.000711
1072 0.000796
1077 0.000713
1082 0.000718
1087 0.000731
1092 0.000729
1097 0.000726
1102 0.000732
1107 0.000735
1112 0.000737
1117 0.000742
1122 0.000745
1127 0.000747
1132 0.000790
1137 0.000759
1142 0.000763
1147 0.000763
1152 0.000768
1157 0.000771
1162 0.000773
1167 0.000777
1172 0.000780
1177 0.000785
1182 0.000789
1187 0.000788
1192 0.000814
1197 0.001619
1202 0.000807
1207 0.000881
1212 0.000812
1217 0.000846
1222 0.000824
1227 0.000821
1232 0.000823
1237 0.000826
1242 0.000828
1247 0.000835
1252 0.000838
1257 0.000841
1262 0.000840
1267 0.000848
1272 0.000957
1277 0.000858
1282 0.000860
1287 0.000862
1292 0.000864
1297 0.000868
1302 0.000881
1307 0.000875
1312 0.000880
1317 0.000896
1322 0.000884
1327 0.000948
1332 0.000895
1337 0.000896
1342 0.000900
1347 0.000901
1352 0.000907
1357 0.000910
1362 0.000939
1367 0.000917
1372 0.000924
1377 0.000940
1382 0.000926
1387 0.000932
1392 0.000935
1397 0.000940
1402 0.000942
1407 0.000945
1412 0.000949
1417 0.000967
1422 0.000957
1427 0.001064
1432 0.000963
1437 0.000972
1442 0.000968
1447 0.000973
1452 0.000977
1457 0.000980
1462 0.000984
1467 0.000991
1472 0.000994
1477 0.000994
1482 0.000999
1487 0.001002
1492 0.001004
1497 0.001008
1502 0.001012
1507 0.001030
1512 0.001019
1517 0.001022
1522 0.001090
1527 0.001031
1532 0.001033
1537 0.001037
1542 0.001042
1547 0.001043
1552 0.001050
1557 0.001050
1562 0.001058
1567 0.001060
1572 0.001182
1577 0.001065
1582 0.001070
1587 0.001072
1592 0.001078
1597 0.001092
1602 0.001084
1607 0.001084
1612 0.001092
1617 0.001160
1622 0.001102
1627 0.001101
1632 0.001107
1637 0.001108
1642 0.001111
1647 0.001114
1652 0.001117
1657 0.001120
1662 0.001333
1667 0.001184
1672 0.001144
1677 0.001284
1682 0.001251
1687 0.001620
1692 0.001276
1697 0.001195
1702 0.001168
1707 0.001284
1712 0.001289
1717 0.001166
1722 0.001221
1727 0.001223
1732 0.001184
1737 0.001353
1742 0.001274
1747 0.001198
1752 0.001189
1757 0.001203
1762 0.001195
1767 0.001203
1772 0.001228
1777 0.001208
1782 0.001372
1787 0.001243
1792 0.001224
1797 0.001231
1802 0.001225
1807 0.001251
1812 0.001236
1817 0.001235
1822 0.001629
1827 0.001246
1832 0.001247
1837 0.001260
1842 0.001280
1847 0.001256
1852 0.001332
1857 0.001263
1862 0.001352
1867 0.001283
1872 0.001276
1877 0.001282
1882 0.001290
1887 0.001296
1892 0.001292
1897 0.001294
1902 0.001568
1907 0.001407
1912 0.001335
1917 0.001320
1922 0.001315
1927 0.001342
1932 0.001319
1937 0.001320
1942 0.001328
1947 0.001330
1952 0.001334
1957 0.001333
1962 0.001341
1967 0.001345
1972 0.001353
1977 0.001351
1982 0.002178
1987 0.001358
1992 0.001370
1997 0.001368
2002 0.001369
2007 0.001376
2012 0.001385
2017 0.001627
2022 0.001387
2027 0.001387
2032 0.001387
2037 0.001392
2042 0.001396
2047 0.001889
2052 0.001523
2057 0.001416
2062 0.001411
2067 0.001413
2072 0.001423
2077 0.001424
2082 0.001430
2087 0.001539
2092 0.001471
2097 0.001442
2102 0.001443
2107 0.001449
2112 0.001447
2117 0.001449
2122 0.001745
2127 0.001466
2132 0.001466
2137 0.001463
2142 0.001467
2147 0.001471
2152 0.001476
2157 0.002080
2162 0.001638
2167 0.001488
2172 0.001489
2177 0.001495
2182 0.001497
2187 0.001504
2192 0.001578
2197 0.001563
2202 0.001526
2207 0.001518
2212 0.001523
2217 0.001524
2222 0.001530
2227 0.001602
2232 0.001539
2237 0.001544
2242 0.001542
2247 0.001548
2252 0.001547
2257 0.001552
2262 0.001588
2267 0.001563
2272 0.001569
2277 0.001575
2282 0.001574
2287 0.001574
2292 0.001577
2297 0.001581
2302 0.001594
2307 0.001591
2312 0.001594
2317 0.001615
2322 0.001599
2327 0.001604
2332 0.001661
2337 0.001615
2342 0.001616
2347 0.001655
2352 0.001624
2357 0.001627
2362 0.001631
2367 0.001654
2372 0.001633
2377 0.001645
2382 0.001644
2387 0.001653
2392 0.001651
2397 0.001657
2402 0.001791
2407 0.001729
2412 0.001706
2417 0.001689
2422 0.001677
2427 0.001898
2432 0.001766
2437 0.001689
2442 0.001686
2447 0.001688
2452 0.001703
2457 0.001703
2462 0.001894
2467 0.001798
2472 0.001786
2477 0.001739
2482 0.001789
2487 0.001723
2492 0.002024
2497 0.003045
2502 0.001880
2507 0.001778
2512 0.001740
2517 0.001899
2522 0.003282
2527 0.001899
2532 0.001753
2537 0.001759
2542 0.001814
2547 0.001892
2552 0.001811
2557 0.001808
2562 0.001793
2567 0.001815
2572 0.001798
2577 0.001791
2582 0.001790
2587 0.001787
2592 0.001796
2597 0.001852
2602 0.001999
2607 0.001933
2612 0.001809
2617 0.001812
2622 0.001813
2627 0.002104
2632 0.001836
2637 0.001910
2642 0.001849
2647 0.001834
2652 0.001839
2657 0.001895
2662 0.001853
2667 0.001853
2672 0.001858
2677 0.001856
2682 0.001866
2687 0.001959
2692 0.001879
2697 0.001871
2702 0.001926
2707 0.001903
2712 0.001885
2717 0.001890
2722 0.001912
2727 0.001897
2732 0.001919
2737 0.001906
2742 0.002491
2747 0.002538
2752 0.001936
2757 0.001937
2762 0.001938
2767 0.002142
2772 0.001932
2777 0.001935
2782 0.001935
2787 0.001979
2792 0.002377
2797 0.003264
2802 0.001947
2807 0.001951
2812 0.001956
2817 0.002043
2822 0.001968
2827 0.001976
2832 0.001972
2837 0.001969
2842 0.001978
2847 0.001982
2852 0.001994
2857 0.001993
2862 0.001997
2867 0.001995
2872 0.002096
2877 0.002008
2882 0.002007
2887 0.002008
2892 0.002019
2897 0.002029
2902 0.002032
2907 0.002025
2912 0.002029
2917 0.002071
2922 0.002092
2927 0.002383
2932 0.002219
2937 0.002145
2942 0.002056
2947 0.002184
2952 0.002077
2957 0.002067
2962 0.002066
2967 0.002066
2972 0.002070
2977 0.002364
2982 0.002396
2987 0.002088
2992 0.002106
2997 0.002092
3002 0.002252
3007 0.002100
3012 0.002143
3017 0.002119
3022 0.002107
3027 0.002462
3032 0.002124
3037 0.002122
3042 0.002119
3047 0.002126
3052 0.002406
3057 0.002162
3062 0.002138
3067 0.002153
3072 0.002147
3077 0.002276
3082 0.002160
3087 0.002158
3092 0.002171
3097 0.002179
3102 0.002309
3107 0.002173
3112 0.002175
3117 0.002178
3122 0.002189
3127 0.002184
3132 0.002282
3137 0.002202
3142 0.002200
3147 0.002204
3152 0.002760
3157 0.002352
3162 0.002249
3167 0.002211
3172 0.002238
3177 0.002798
3182 0.002235
3187 0.002231
3192 0.002231
3197 0.002236
3202 0.002455
3207 0.002259
3212 0.002247
3217 0.002249
3222 0.002256
3227 0.002472
3232 0.002283
3237 0.002263
3242 0.002267
3247 0.002434
3252 0.002293
3257 0.002275
3262 0.002285
3267 0.002288
3272 0.002398
3277 0.002317
3282 0.002300
3287 0.002303
3292 0.002309
3297 0.002357
3302 0.002485
3307 0.002347
3312 0.002322
3317 0.006667
3322 0.002449
3327 0.004132
3332 0.004518
3337 0.002341
3342 0.002376
3347 0.002350
3352 0.002355
3357 0.002354
3362 0.002374
3367 0.002362
3372 0.002741
3377 0.002373
3382 0.002371
3387 0.002396
3392 0.002379
3397 0.002542
3402 0.002395
3407 0.002390
3412 0.002404
3417 0.002401
3422 0.002399
3427 0.002410
3432 0.002411
3437 0.002432
3442 0.002507
3447 0.002424
3452 0.002431
3457 0.002427
3462 0.002435
3467 0.002760
3472 0.002491
3477 0.002445
3482 0.002440
3487 0.002448
3492 0.002459
3497 0.002467
3502 0.002460
3507 0.002465
3512 0.003102
3517 0.002516
3522 0.002478
3527 0.002476
3532 0.002485
3537 0.002537
3542 0.002508
3547 0.002491
3552 0.002500
3557 0.002504
3562 0.002691
3567 0.002540
3572 0.002514
3577 0.002515
3582 0.002515
3587 0.002641
3592 0.002722
3597 0.002547
3602 0.002535
3607 0.002535
3612 0.002541
3617 0.002579
3622 0.002547
3627 0.002555
3632 0.002994
3637 0.002960
3642 0.002852
3647 0.002573
3652 0.002804
3657 0.002576
3662 0.002594
3667 0.002577
3672 0.002583
3677 0.002603
3682 0.002595
3687 0.004571
3692 0.002936
3697 0.002619
3702 0.002607
3707 0.002692
3712 0.002816
3717 0.002628
3722 0.002623
3727 0.002630
3732 0.002796
3737 0.002646
3742 0.002636
3747 0.002704
3752 0.002730
3757 0.002649
3762 0.002651
3767 0.002658
3772 0.003496
3777 0.002770
3782 0.002674
3787 0.002671
3792 0.002828
3797 0.002688
3802 0.002685
3807 0.002686
3812 0.004402
3817 0.002705
3822 0.002703
3827 0.002696
3832 0.002711
3837 0.002707
3842 0.002710
3847 0.002713
3852 0.002731
3857 0.002737
3862 0.002727
3867 0.002727
3872 0.002734
3877 0.002770
3882 0.002740
3887 0.002743
3892 0.002844
3897 0.002760
3902 0.002780
3907 0.002756
3912 0.003532
3917 0.002978
3922 0.002779
3927 0.002769
3932 0.002836
3937 0.002792
3942 0.002789
3947 0.002805
3952 0.002944
3957 0.002816
3962 0.002808
3967 0.002807
3972 0.003032
3977 0.002829
3982 0.002823
3987 0.002826
3992 0.002918
3997 0.002833
4002 0.002863
4007 0.003576
4012 0.002896
4017 0.002860
4022 0.002846
4027 0.002845
4032 0.003170
4037 0.002863
4042 0.002858
4047 0.002860
4052 0.003043
4057 0.005044
4062 0.002875
4067 0.002880
4072 0.002903
4077 0.002896
4082 0.002885
4087 0.002947
4092 0.002930
4097 0.002900
4102 0.002900
4107 0.002903
4112 0.002932
4117 0.002916
4122 0.002919
4127 0.003213
4132 0.002940
4137 0.002929
4142 0.002928
4147 0.002982
4152 0.002943
4157 0.002955
4162 0.002943
4167 0.003292
4172 0.003276
4177 0.002991
4182 0.002966
4187 0.003183
4192 0.003012
4197 0.002995
4202 0.002977
4207 0.003294
4212 0.002999
4217 0.003009
4222 0.003081
4227 0.003007
4232 0.002997
4237 0.003023
4242 0.003115
4247 0.003029
4252 0.003012
4257 0.003036
4262 0.003021
4267 0.003040
4272 0.003031
4277 0.003037
4282 0.003055
4287 0.003042
4292 0.003041
4297 0.003215
4302 0.003072
4307 0.003249
4312 0.003202
4317 0.003377
4322 0.003066
4327 0.003206
4332 0.003224
4337 0.003341
4342 0.003224
4347 0.003090
4352 0.003117
4357 0.003104
4362 0.003098
4367 0.003157
4372 0.003125
4377 0.005069
4382 0.003112
4387 0.003121
4392 0.003145
4397 0.003143
4402 0.003455
4407 0.003141
4412 0.003157
4417 0.003138
4422 0.003322
4427 0.003158
4432 0.003184
4437 0.003151
4442 0.003293
4447 0.003159
4452 0.003194
4457 0.003261
4462 0.003176
4467 0.003172
4472 0.003203
4477 0.003236
4482 0.003198
4487 0.003183
4492 0.003196
4497 0.003267
4502 0.003213
4507 0.003214
4512 0.003202
4517 0.003437
4522 0.003236
4527 0.005625
4532 0.003625
4537 0.003326
4542 0.003230
4547 0.003308
4552 0.003234
4557 0.003255
4562 0.003240
4567 0.003376
4572 0.003250
4577 0.003256
4582 0.003254
4587 0.003319
4592 0.003290
4597 0.003282
4602 0.003269
4607 0.005132
4612 0.004366
4617 0.003353
4622 0.003285
4627 0.003310
4632 0.003295
4637 0.003403
4642 0.003308
4647 0.003313
4652 0.003309
4657 0.003407
4662 0.003328
4667 0.003329
4672 0.003320
4677 0.003389
4682 0.003338
4687 0.003336
4692 0.003341
4697 0.003343
4702 0.003367
4707 0.003353
4712 0.003402
4717 0.003359
4722 0.003357
4727 0.003370
4732 0.003462
4737 0.003386
4742 0.003374
4747 0.003378
4752 0.003728
4757 0.003386
4762 0.003389
4767 0.003393
4772 0.003526
4777 0.003404
4782 0.003405
4787 0.003481
4792 0.003414
4797 0.003419
4802 0.003420
4807 0.003487
4812 0.003426
4817 0.003435
4822 0.003432
4827 0.003593
4832 0.003444
4837 0.003445
4842 0.003497
4847 0.003477
4852 0.003455
4857 0.003459
4862 0.003519
4867 0.003488
4872 0.003471
4877 0.003477
4882 0.003785
4887 0.003488
4892 0.003485
4897 0.003486
4902 0.003708
4907 0.003516
4912 0.003501
4917 0.003636
4922 0.003512
4927 0.003525
4932 0.003520
4937 0.003910
4942 0.003545
4947 0.003600
4952 0.003685
4957 0.003535
4962 0.003538
4967 0.003541
4972 0.003548
4977 0.003552
4982 0.003574
4987 0.003622
4992 0.003559
4997 0.003566
5002 0.003647
5007 0.003572
5012 0.003574
5017 0.003585
5022 0.003933
5027 0.003582
5032 0.003589
5037 0.003591
5042 0.003607
5047 0.003602
5052 0.003612
5057 0.003860
5062 0.003611
5067 0.003618
5072 0.003619
5077 0.003650
5082 0.003627
5087 0.003627
5092 0.003779
5097 0.003648
5102 0.003648
5107 0.003643
5112 0.003668
5117 0.003661
5122 0.003657
5127 0.003730
5132 0.003683
5137 0.003671
5142 0.003776
5147 0.003677
5152 0.003707
5157 0.003685
5162 0.003797
5167 0.003703
5172 0.003697
5177 0.003742
5182 0.003706
5187 0.003713
5192 0.003712
5197 0.003782
5202 0.003721
5207 0.003723
5212 0.003754
5217 0.003740
5222 0.003731
5227 0.003747
5232 0.003957
5237 0.003745
5242 0.003745
5247 0.003840
5252 0.003768
5257 0.003754
5262 0.003769
5267 0.004004
5272 0.003777
5277 0.003775
5282 0.003864
5287 0.003798
5292 0.003780
5297 0.003883
5302 0.003795
5307 0.003793
5312 0.003793
5317 0.003903
5322 0.003817
5327 0.003810
5332 0.003926
5337 0.003824
5342 0.003821
5347 0.003819
5352 0.003882
5357 0.003832
5362 0.003837
5367 0.003920
5372 0.003869
5377 0.003851
5382 0.003850
5387 0.003872
5392 0.003861
5397 0.003865
5402 0.003908
5407 0.003889
5412 0.003871
5417 0.004203
5422 0.003883
5427 0.003893
5432 0.003888
5437 0.004250
5442 0.003906
5447 0.003912
5452 0.003939
5457 0.003910
5462 0.003926
5467 0.004002
5472 0.003919
5477 0.003924
5482 0.003954
5487 0.003929
5492 0.003933
5497 0.003958
5502 0.004183
5507 0.003945
5512 0.003968
5517 0.004002
5522 0.003961
5527 0.003959
5532 0.004060
5537 0.003964
5542 0.003987
5547 0.003979
5552 0.003992
5557 0.003984
5562 0.004039
5567 0.003995
5572 0.004006
5577 0.003997
5582 0.004042
5587 0.004011
5592 0.004010
5597 0.004084
5602 0.004038
5607 0.004016
5612 0.004167
5617 0.004042
5622 0.004034
5627 0.004134
5632 0.004052
5637 0.004059
5642 0.004083
5647 0.004056
5652 0.004062
5657 0.004053
5662 0.004090
5667 0.004079
5672 0.004109
5677 0.004078
5682 0.004087
5687 0.004082
5692 0.004116
5697 0.004095
5702 0.004098
5707 0.004212
5712 0.004564
5717 0.004402
5722 0.004718
5727 0.004122
5732 0.004117
5737 0.004284
5742 0.004161
5747 0.004159
5752 0.004347
5757 0.004176
5762 0.004173
5767 0.005495
5772 0.004194
5777 0.004148
5782 0.004817
5787 0.004247
5792 0.004185
5797 0.004241
5802 0.004170
5807 0.004168
5812 0.004318
5817 0.004180
5822 0.004180
5827 0.004466
5832 0.004195
5837 0.004197
5842 0.004281
5847 0.004217
5852 0.004202
5857 0.004279
5862 0.004222
5867 0.004213
5872 0.004446
5877 0.004245
5882 0.004231
5887 0.004393
5892 0.004672
5897 0.004333
5902 0.004497
5907 0.004260
5912 0.004266
5917 0.004345
5922 0.004290
5927 0.004276
5932 0.004453
5937 0.004268
5942 0.004281
5947 0.004332
5952 0.004280
5957 0.004293
5962 0.004362
5967 0.004293
5972 0.004293
5977 0.004495
5982 0.004316
5987 0.004318
5992 0.004360
5997 0.004312
6002 0.004321
6007 0.004369
6012 0.004330
6017 0.004329
6022 0.004392
6027 0.004338
6032 0.004337
6037 0.004821
6042 0.004365
6047 0.004354
6052 0.004390
6057 0.004373
6062 0.004359
6067 0.004531
6072 0.004402
6077 0.004376
6082 0.004439
6087 0.004395
6092 0.004380
6097 0.004444
6102 0.004404
6107 0.004407
6112 0.004439
6117 0.004413
6122 0.004413
6127 0.004477
6132 0.004431
6137 0.004428
6142 0.004737
6147 0.004429
6152 0.004435
6157 0.004504
6162 0.004458
6167 0.004440
6172 0.004542
6177 0.004448
6182 0.004448
6187 0.004587
6192 0.004464
6197 0.004459
6202 0.004522
6207 0.004467
6212 0.004472
6217 0.004607
6222 0.004483
6227 0.004483
6232 0.004590
6237 0.004492
6242 0.004497
6247 0.004527
6252 0.004503
6257 0.004551
6262 0.004518
6267 0.004518
6272 0.004645
6277 0.004523
6282 0.004531
6287 0.004663
6292 0.004550
6297 0.004547
6302 0.004619
6307 0.004548
6312 0.004552
6317 0.004605
6322 0.004572
6327 0.004567
6332 0.004629
6337 0.004570
6342 0.004580
6347 0.004683
6352 0.004580
6357 0.004587
6362 0.004664
6367 0.004590
6372 0.004598
6377 0.004676
6382 0.004607
6387 0.004618
6392 0.004814
6397 0.004616
6402 0.004655
6407 0.004623
6412 0.004643
6417 0.004760
6422 0.004633
6427 0.004632
6432 0.004685
6437 0.004649
6442 0.004662
6447 0.004805
6452 0.004671
6457 0.004652
6462 0.004719
6467 0.004741
6472 0.004667
6477 0.004673
6482 0.004678
6487 0.005647
6492 0.004716
6497 0.004691
6502 0.004726
6507 0.004716
6512 0.004705
6517 0.004704
6522 0.004737
6527 0.004782
6532 0.004717
6537 0.004718
6542 0.004799
6547 0.004740
6552 0.004738
6557 0.004807
6562 0.004742
6567 0.004745
6572 0.004833
6577 0.004767
6582 0.004758
6587 0.004774
6592 0.004765
6597 0.004851
6602 0.004775
6607 0.004770
6612 0.004896
6617 0.004788
6622 0.004794
6627 0.004991
6632 0.004790
6637 0.004796
6642 0.004907
6647 0.004805
6652 0.004849
6657 0.006883
6662 0.005160
6667 0.004836
6672 0.004823
6677 0.004955
6682 0.004850
6687 0.004830
6692 0.004927
6697 0.004871
6702 0.004871
6707 0.004848
6712 0.004860
6717 0.004988
6722 0.004860
6727 0.004875
6732 0.004969
6737 0.004869
6742 0.004882
6747 0.004930
6752 0.004886
6757 0.004913
6762 0.004888
6767 0.004892
6772 0.006391
6777 0.004907
6782 0.004913
6787 0.004909
6792 0.004912
6797 0.005170
6802 0.004922
6807 0.004932
6812 0.005059
6817 0.004928
6822 0.004926
6827 0.004960
6832 0.004954
6837 0.005024
6842 0.004959
6847 0.004950
6852 0.005039
6857 0.004982
6862 0.004963
6867 0.004982
6872 0.004969
6877 0.005033
6882 0.005001
6887 0.004986
6892 0.005277
6897 0.005008
6902 0.005030
6907 0.005001
6912 0.005023
6917 0.005131
6922 0.005006
6927 0.005011
6932 0.005044
6937 0.005036
6942 0.005117
6947 0.005031
6952 0.005035
6957 0.005147
6962 0.005058
6967 0.005044
6972 0.005049
6977 0.005052
6982 0.005126
6987 0.005075
6992 0.005060
6997 0.005150
7002 0.005069
7007 0.005197
7012 0.005110
7017 0.005078
7022 0.005173
7027 0.005110
7032 0.005091
7037 0.005140
7042 0.005108
7047 0.007166
7052 0.005124
7057 0.005178
7062 0.005129
7067 0.005122
7072 0.005201
7077 0.005122
7082 0.005144
7087 0.005150
7092 0.005140
7097 0.005276
7102 0.005147
7107 0.005163
7112 0.005258
7117 0.005160
7122 0.005262
7127 0.005163
7132 0.005167
7137 0.005350
7142 0.005180
7147 0.005226
7152 0.005187
7157 0.005184
7162 0.005296
7167 0.005195
7172 0.005196
7177 0.005364
7182 0.005205
7187 0.005345
7192 0.005226
7197 0.005217
7202 0.005287
7207 0.005228
7212 0.005289
7217 0.005249
7222 0.005241
7227 0.005369
7232 0.005265
7237 0.005319
7242 0.005249
7247 0.005256
7252 0.005288
7257 0.005284
7262 0.005309
7267 0.005268
7272 0.005284
7277 0.005390
7282 0.005294
7287 0.005325
7292 0.005293
7297 0.005297
7302 0.005403
7307 0.005321
7312 0.006341
7317 0.005856
7322 0.005357
7327 0.005320
7332 0.005333
7337 0.005398
7342 0.005331
7347 0.005386
7352 0.005345
7357 0.005338
7362 0.005440
7367 0.005353
7372 0.005350
7377 0.005374
7382 0.005372
7387 0.005420
7392 0.005383
7397 0.005421
7402 0.005399
7407 0.005373
7412 0.005438
7417 0.005396
7422 0.005425
7427 0.005426
7432 0.005400
7437 0.005502
7442 0.005414
7447 0.005497
7452 0.005429
7457 0.005423
7462 0.005448
7467 0.005422
7472 0.005614
7477 0.008343
7482 0.006036
7487 0.005482
7492 0.005519
7497 0.005444
7502 0.005445
7507 0.005520
7512 0.005456
7517 0.005529
7522 0.005465
7527 0.005464
7532 0.005667
7537 0.005486
7542 0.005764
7547 0.005488
7552 0.005487
7557 0.005501
7562 0.005508
7567 0.005775
7572 0.005518
7577 0.005560
7582 0.005512
7587 0.005530
7592 0.006099
7597 0.005538
7602 0.005562
7607 0.005525
7612 0.005545
7617 0.005537
7622 0.005548
7627 0.005766
7632 0.005563
7637 0.005835
7642 0.005546
7647 0.005555
7652 0.005675
7657 0.005584
7662 0.005674
7667 0.005576
7672 0.005579
7677 0.005583
7682 0.005595
7687 0.005670
7692 0.005590
7697 0.005699
7702 0.005629
7707 0.005683
7712 0.005630
7717 0.005616
7722 0.005707
7727 0.005650
7732 0.005732
7737 0.005642
7742 0.005683
7747 0.005659
7752 0.005645
7757 0.005732
7762 0.005653
7767 0.005739
7772 0.005665
7777 0.005714
7782 0.005665
7787 0.005661
7792 0.005840
7797 0.005678
7802 0.005797
7807 0.005679
7812 0.005682
7817 0.005705
7822 0.005691
7827 0.005890
7832 0.005700
7837 0.005741
7842 0.005724
7847 0.005708
7852 0.005727
7857 0.005721
7862 0.005779
7867 0.005728
7872 0.005848
7877 0.005744
7882 0.005743
7887 0.005809
7892 0.005752
7897 0.006090
7902 0.005771
7907 0.005911
7912 0.005757
7917 0.005769
7922 0.005850
7927 0.005790
7932 0.005805
7937 0.005774
7942 0.005784
7947 0.005783
7952 0.005810
7957 0.005881
7962 0.005801
7967 0.005899
7972 0.005802
7977 0.005821
7982 0.005820
7987 0.005817
7992 0.005922
7997 0.005841
8002 0.005873
8007 0.005835
8012 0.005833
8017 0.005839
8022 0.005855
8027 0.005897
8032 0.005851
8037 0.005956
8042 0.005874
8047 0.005955
8052 0.005882
8057 0.005867
8062 0.005980
8067 0.005874
8072 0.005939
8077 0.005898
8082 0.006079
8087 0.005912
8092 0.005988
8097 0.005906
8102 0.005910
8107 0.005998
8112 0.005925
8117 0.006007
8122 0.005919
8127 0.006093
8132 0.005948
8137 0.005934
8142 0.005943
8147 0.005930
8152 0.006030
8157 0.005949
8162 0.006027
8167 0.005957
8172 0.006033
8177 0.005958
8182 0.005966
8187 0.006030
8192 0.005974
8197 0.006076
8202 0.005979
8207 0.006044
8212 0.005996
8217 0.006036
8222 0.006025
8227 0.005993
8232 0.006838
8237 0.006984
8242 0.006380
8247 0.006025
8252 0.006079
8257 0.006033
8262 0.006161
8267 0.006029
8272 0.006180
8277 0.006032
8282 0.006057
8287 0.006043
8292 0.006062
8297 0.006265
8302 0.006075
8307 0.006153
8312 0.006081
8317 0.006198
8322 0.006085
8327 0.006141
8332 0.006077
8337 0.006124
8342 0.006095
8347 0.006114
8352 0.006202
8357 0.006102
8362 0.006247
8367 0.006115
8372 0.006397
8377 0.006220
8382 0.006201
8387 0.006163
8392 0.006164
8397 0.006132
8402 0.006170
8407 0.006149
8412 0.006152
8417 0.006189
8422 0.006157
8427 0.006301
8432 0.006165
8437 0.006235
8442 0.006163
8447 0.006306
8452 0.006192
8457 0.006181
8462 0.006190
8467 0.006176
8472 0.006344
8477 0.007888
8482 0.006193
8487 0.006239
8492 0.006215
8497 0.006207
8502 0.006389
8507 0.006206
8512 0.006359
8517 0.006217
8522 0.006327
8527 0.006239
8532 0.006287
8537 0.006249
8542 0.006300
8547 0.006246
8552 0.006262
8557 0.006250
8562 0.006263
8567 0.006304
8572 0.006279
8577 0.006366
8582 0.006276
8587 0.006328
8592 0.006272
8597 0.006414
8602 0.006293
8607 0.006353
8612 0.006291
8617 0.006315
8622 0.006298
8627 0.006304
8632 0.006307
8637 0.006323
8642 0.006453
8647 0.006319
8652 0.006601
8657 0.006346
8662 0.006399
8667 0.006333
8672 0.006598
8677 0.006414
8682 0.006385
8687 0.006358
8692 0.006350
8697 0.006357
8702 0.006358
8707 0.006379
8712 0.006368
8717 0.006433
8722 0.006384
8727 0.006556
8732 0.006394
8737 0.006671
8742 0.006407
8747 0.006471
8752 0.006399
8757 0.006504
8762 0.006404
8767 0.006454
8772 0.006413
8777 0.006473
8782 0.006438
8787 0.006422
8792 0.006454
8797 0.006435
8802 0.006485
8807 0.006439
8812 0.006479
8817 0.006447
8822 0.008476
8827 0.006454
8832 0.006480
8837 0.006481
8842 0.006477
8847 0.006468
8852 0.006476
8857 0.006492
8862 0.006561
8867 0.006501
8872 0.006573
8877 0.006507
8882 0.006593
8887 0.006518
8892 0.006587
8897 0.006506
8902 0.006583
8907 0.006515
8912 0.006577
8917 0.006525
8922 0.006680
8927 0.008158
8932 0.006727
8937 0.006554
8942 0.006890
8947 0.006598
8952 0.006749
8957 0.006629
8962 0.006885
8967 0.006703
8972 0.006612
8977 0.006618
8982 0.006628
8987 0.006592
8992 0.006674
8997 0.006599
9002 0.006639
9007 0.006601
9012 0.006756
9017 0.006609
9022 0.006610
9027 0.006745
9032 0.006947
9037 0.007583
9042 0.007058
9047 0.006945
9052 0.006845
9057 0.006880
9062 0.006807
9067 0.006873
9072 0.006858
9077 0.006861
9082 0.007024
9087 0.007157
9092 0.007033
9097 0.007182
9102 0.006902
9107 0.007149
9112 0.006969
9117 0.006895
9122 0.006885
9127 0.006855
9132 0.007112
9137 0.007067
9142 0.007220
9147 0.006695
9152 0.007099
9157 0.006722
9162 0.007136
9167 0.006707
9172 0.006793
9177 0.006739
9182 0.006888
9187 0.006725
9192 0.006848
9197 0.006735
9202 0.006790
9207 0.006749
9212 0.006766
9217 0.006762
9222 0.006799
9227 0.006775
9232 0.007060
9237 0.006780
9242 0.006858
9247 0.006783
9252 0.007038
9257 0.006785
9262 0.006838
9267 0.006797
9272 0.006881
9277 0.006793
9282 0.006843
9287 0.006798
9292 0.007427
9297 0.006808
9302 0.007019
9307 0.006823
9312 0.006935
9317 0.006829
9322 0.006939
9327 0.006840
9332 0.006965
9337 0.006846
9342 0.006893
9347 0.006858
9352 0.006935
9357 0.006864
9362 0.006896
9367 0.006883
9372 0.006968
9377 0.006876
9382 0.006979
9387 0.006890
9392 0.008191
9397 0.006886
9402 0.006915
9407 0.006908
9412 0.006971
9417 0.006902
9422 0.006954
9427 0.006926
9432 0.007078
9437 0.006946
9442 0.007485
9447 0.006966
9452 0.007009
9457 0.006937
9462 0.007045
9467 0.006956
9472 0.007187
9477 0.006947
9482 0.007012
9487 0.006956
9492 0.007006
9497 0.006972
9502 0.007057
9507 0.006988
9512 0.007099
9517 0.006990
9522 0.007070
9527 0.007004
9532 0.007064
9537 0.007001
9542 0.007063
9547 0.007008
9552 0.007052
9557 0.007009
9562 0.007073
9567 0.007018
9572 0.008301
9577 0.007377
9582 0.007035
9587 0.007286
9592 0.007034
9597 0.007159
9602 0.007044
9607 0.007122
9612 0.007055
9617 0.007195
9622 0.007073
9627 0.007099
9632 0.007078
9637 0.007137
9642 0.007089
9647 0.007174
9652 0.007097
9657 0.007140
9662 0.007106
9667 0.008038
9672 0.007113
9677 0.007100
9682 0.007158
9687 0.007115
9692 0.007216
9697 0.007114
9702 0.007223
9707 0.007125
9712 0.007486
9717 0.007136
9722 0.007201
9727 0.007150
9732 0.007593
9737 0.007143
9742 0.007223
9747 0.007164
9752 0.007255
9757 0.007185
9762 0.007194
9767 0.007181
9772 0.007216
9777 0.007189
9782 0.007319
9787 0.007199
9792 0.007447
9797 0.007257
9802 0.007214
9807 0.007255
9812 0.007209
9817 0.007265
9822 0.007226
9827 0.007347
9832 0.007220
9837 0.007310
9842 0.007240
9847 0.007316
9852 0.007232
9857 0.007511
9862 0.007246
9867 0.007435
9872 0.007252
9877 0.007440
9882 0.007256
9887 0.007367
9892 0.007263
9897 0.007324
9902 0.007324
9907 0.007274
9912 0.007346
9917 0.007292
9922 0.007322
9927 0.007293
9932 0.007405
9937 0.007304
9942 0.007347
9947 0.007311
9952 0.007360
9957 0.007318
9962 0.007353
9967 0.007334
9972 0.007393
9977 0.007329
9982 0.007761
9987 0.007468
9992 0.007338
9997 0.008859
10002 0.007362
12002 0.008918
14002 0.010488
16002 0.012007
18002 0.013639
20002 0.015178
22002 0.016778
24002 0.018426
26002 0.019911
28002 0.021630
30002 0.023016
32002 0.024665
34002 0.026374
36002 0.027960
38002 0.030515
40002 0.033114
42002 0.032818
44002 0.034455
46002 0.037871
48002 0.037609
50002 0.039496
52002 0.040902
54002 0.042768
56002 0.044302
58002 0.046272
60002 0.047441
62002 0.048859
64002 0.050663
66002 0.054221
68002 0.053697
70002 0.056935
72002 0.057279
74002 0.058742
76002 0.060332
78002 0.062082
80002 0.070686
82002 0.065258
84002 0.066821
86002 0.070706
88002 0.070485
90002 0.071783
92002 0.073413
94002 0.075204
96002 0.076730
98002 0.079433
100002 0.082041
110002 0.088698
120002 0.096549
130002 0.108053
140002 0.113560
150002 0.121821
160002 0.129794
170002 0.138114
180002 0.146952
190002 0.155052
200002 0.165266
210002 0.171751
220002 0.182168
230002 0.191628
240002 0.197218
250002 0.208214
260002 0.214775
270002 0.222983
280002 0.231865
290002 0.239614
300002 0.251402
310002 0.262643
320002 0.265005
330002 0.276572
340002 0.283325
350002 0.290618
360002 0.298665
370002 0.313208
380002 0.316625
390002 0.328592
400002 0.338060
410002 0.347521
420002 0.354673
430002 0.367730
440002 0.372590
450002 0.382103
460002 0.387338
470002 0.392946
480002 0.409293
490002 0.410214
500002 0.426295
510002 0.427921
520002 0.446007
530002 0.454937
540002 0.457894
550002 0.478394
560002 0.477265
570002 0.482081
580002 0.490613
590002 0.500562
600002 0.505057
610002 0.522764
620002 0.523171
630002 0.538063
640002 0.543967
650002 0.556812
660002 0.566425
670002 0.566881
680002 0.578173
690002 0.586352
700002 0.599158
710002 0.608873
720002 0.613158
730002 0.625003
740002 0.631099
750002 0.647426
760002 0.666450
770002 0.657840
780002 0.666085
790002 0.682477
800002 0.680990
810002 0.692740
820002 0.708990
830002 0.714343
840002 0.753974
850002 0.731748
860002 0.830929
870002 0.763588
880002 0.760230
890002 0.783646
900002 0.777135
910002 0.788009
920002 0.793498
930002 0.828330
940002 0.810144
950002 0.816395
960002 0.830532
970002 0.840234
980002 0.849214
990002 0.846516
1000002 0.868013
1100002 0.950149
1200002 1.046271
1300002 1.130821
1400002 1.229088
1500002 1.316525
1600002 1.410443
1700002 1.498863
1800002 1.582931
1900002 1.684739
2000002 1.762707
2100002 1.857228
2200002 1.942313
2300002 2.038902
2400002 2.128323
2500002 2.239289
2600002 2.315839
2700002 2.407029
2800002 2.506122
2900002 2.586071
3000002 2.678524
3100002 2.775454
3200002 2.868202
3300002 2.953562
3400002 3.052976
3500002 3.133160
3600002 3.225170
3700002 3.314124
3800002 3.429353
3900002 3.498848
4000002 3.611912
4100002 3.716209
4200002 3.796305
4300002 3.879691
4400002 3.975144
4500002 4.090196
4600002 4.198212
4700002 4.272305
4800002 4.376361
4900002 4.448457
5000002 4.549775
5100002 4.645126
5200002 4.762847
5300002 4.863209
5400002 4.927290
5500002 5.046700
5600002 5.138054
5700002 5.305843
5800002 5.337229
5900002 5.413432
6000002 5.487350
6100002 5.658750
6200002 5.694964
6300002 5.819298
6400002 5.897449
6500002 5.992382
6600002 6.078120
6700002 6.162513
6800002 6.252973
6900002 6.406766
7000002 6.496870
7100002 6.622585
7200002 6.737062
7300002 7.001758
7400002 6.874742
7500002 7.060943
7600002 7.044231
7700002 7.152866
7800002 7.257528
7900002 7.349898
8000002 7.419922
8100002 7.544999
8200002 7.515599
8300002 7.701855
8400002 7.822493
8500002 7.897425
8600002 8.046953
8700002 8.171138
8800002 8.244979
8900002 8.348112
9000002 8.392975
9100002 8.582987
9200002 8.635533
9300002 8.719245
9400002 8.849983
9500002 8.862376
9600002 8.934688
9700002 9.092583
9800002 9.207235
9900002 9.277585
10000002 9.343405
11000002 10.365921
12000002 11.329926
13000002 12.231166
14000002 13.235153
15000002 14.205732
16000002 15.155570
17000002 16.496123
18000002 17.254880
19000002 18.158314
20000002 19.170866
21000002 20.220237
22000002 20.898244
23000002 21.994322
24000002 23.081359
25000002 24.038144
26000002 25.450863
27000002 26.517456
